(title "Total Pressure")
(labels "Position" "Total Pressure")

((xy/key/label "centerline")
0.241789	99020.2
0.241685	99025.5
0.241539	99030.5
0.24149	99034.3
0.241304	99048.9
0.241246	99052.1
0.241181	99050.3
0.241022	99024.5
0.240717	99037.9
0.240697	99038.2
0.240628	99035.4
0.240592	99042.8
0.240558	99043.6
0.240441	99053
0.240431	99053.7
0.240221	99068.6
0.240182	99068.1
0.239953	99022.5
0.23994	99022.8
0.239804	99049.3
0.239771	99055.8
0.239675	99052.1
0.239396	99044.1
0.239339	99050.8
0.23933	99049.4
0.239307	99046
0.239243	99047.5
0.239232	99048.4
0.239211	99050.2
0.239209	99051.4
0.239204	99053.9
0.239098	99064.4
0.239094	99064.6
0.238942	99075.2
0.238855	99073.6
0.238808	99035.1
0.238783	99014.3
0.238577	99019.7
0.238563	99020.1
0.238522	99020.9
0.238407	99046.5
0.238351	99059
0.238279	99063.2
0.23825	99064.9
0.238198	99066.6
0.238152	99067
0.238113	99063.6
0.238004	99068.5
0.237786	99078.3
0.237753	99081
0.237436	99058.8
0.237388	99047.6
0.237369	99048.2
0.237328	99049.5
0.237284	99048.4
0.23724	99045
0.23719	99051.2
0.236919	99002.3
0.236675	99042.9
0.23666	99042.2
0.236647	99039.7
0.236603	99034.4
0.236602	99034.5
0.236602	99034.5
0.236555	99049.6
0.236555	99049.7
0.236184	99040.4
0.236134	99031
0.23603	99030
0.235924	99031.1
0.235882	99034.9
0.235684	99022
0.235641	99033.7
0.235577	99050.5
0.235539	99053.3
0.235462	99058.8
0.235452	99059
0.235439	99065.4
0.235426	99060.1
0.23535	99043.9
0.235186	99009.3
0.235069	99006.2
0.234972	99046.4
0.234886	99082.2
0.23478	99126.7
0.234778	99126.5
0.234687	99116.7
0.234668	99116.7
0.234529	99056.4
0.234342	98975.1
0.234325	98972.3
0.234165	99049
0.23405	99104.3
0.23403	99103
0.233849	99106.9
0.233815	99107.8
0.233807	99109
0.233643	99133.4
0.233608	99134.2
0.233525	99088.2
0.233387	99012.2
0.233348	99030.4
0.233275	98994
0.233151	99038.1
0.233144	99040.8
0.233017	99000.6
0.232951	98998.4
0.232941	98998.1
0.232783	99063.2
0.232633	99089.9
0.232478	99109.9
0.232399	99089.5
0.232308	99048.9
0.232254	99087.9
0.232155	99100.4
0.232022	99117.2
0.23197	99109.3
0.231956	99115.6
0.231777	99096.7
0.231776	99095.4
0.231775	99095.4
0.231773	99095.4
0.231605	99031.8
0.231487	98974.3
0.231394	98997.8
0.231181	98970
0.231116	98993.2
0.231076	98999.9
0.231042	99014.2
0.230992	99036
0.230915	98992
0.230888	98976.3
0.230873	98973.7
0.230846	98949.3
0.230506	98985.5
0.230438	98992.8
0.230391	99025.8
0.230379	99034.3
0.230341	99036.3
0.230311	99032
0.230309	99031.1
0.230302	99028.5
0.230295	99022.7
0.230277	99008.7
0.230001	98872.1
0.229938	98807.5
0.229927	98816.4
0.229818	98909.8
0.229768	99028.5
0.229701	99189.8
0.229565	99168.9
0.229543	99139.7
0.229466	99037.8
0.229076	98959.6
0.229076	98960.3
0.229068	98966.3
0.228975	98996.3
0.228923	99038.6
0.228854	99042.7
0.228841	99041.6
0.228501	99014.1
0.228407	98909.8
0.228304	98768.8
0.22816	98826.6
0.228141	98824.8
0.228061	98817.2
0.227999	98890.2
0.227861	99054.5
0.227792	99144.7
0.227745	99165
0.227723	99174.3
0.227694	99177.8
0.227617	99138.5
0.227593	99106.1
0.227563	99122.6
0.227292	99269.8
0.227283	99262.8
0.227276	99248.8
0.227265	99245.3
0.227093	99190.9
0.226849	99299.6
0.226769	99303
0.226706	99276.7
0.226511	99194.6
0.226409	99409.2
0.226353	99416.6
0.226294	99206.5
0.226214	99237.4
0.226046	99328.3
0.225867	99425.1
0.225778	99487.6
0.225616	99436.5
0.225548	99466.4
0.225501	99461.2
0.225362	99445.7
0.225098	99632.6
0.225085	99639.7
0.225062	99653.2
0.225036	99696.9
0.224937	99763.3
0.224912	99779.7
0.224805	99882.2
0.224785	99901.5
0.224637	99860
0.224499	99803
0.224433	99776.2
0.224273	99783.5
0.224273	99783.6
0.224272	99783.7
0.224157	99838.8
0.224019	99843.6
0.223848	99873.4
0.223846	99873.8
0.223771	99880.7
0.22377	99880.7
0.223478	99914
0.223447	99921.4
0.223155	99930.5
0.223102	99925
0.223042	99918.7
0.222817	99913.5
0.222683	99904.5
0.222384	99942.4
0.222371	99944.1
0.222166	99988.6
0.222143	99993.4
0.22203	100002
0.221985	100005
0.221953	100007
0.221942	100006
0.221856	99997.8
0.221513	99964.3
0.221254	99955.8
0.221131	99954.3
0.220944	99962
0.220728	99962.3
0.220483	99962.5
0.220426	99962.6
0.220253	99960.1
0.220088	99959
0.219902	99957.8
0.219801	99957.5
0.219589	99957.9
0.219372	99958.9
0.219289	99959
0.218965	99958.8
0.218725	99957.9
0.218709	99957.9
0.218381	99959.9
0.218079	99959.6
0.218077	99959.6
0.217737	99957.8
0.217667	99957.9
0.217433	99957.9
0.217229	99957.6
0.217133	99958.5
0.216868	99958.5
0.216793	99957.8
0.21677	99957.8
0.216598	99957.8
0.216214	99957.4
0.216138	99957.2
0.2158	99956.2
0.215682	99956.5
0.215548	99957.7
0.215374	99959.4
0.21528	99959.3
0.215095	99958.1
0.214833	99956.4
0.21477	99956.3
0.214491	99955.9
0.214474	99955.9
0.214439	99956
0.213828	99957.9
0.213701	99958
0.213504	99957.5
0.213278	99957.1
0.213238	99957.1
0.212975	99957.1
0.212925	99956.9
0.212582	99955.3
0.212565	99955.3
0.212278	99955.9
0.212086	99956.4
0.211847	99959.1
0.211497	99960
0.211465	99960.1
0.211002	99959.7
0.267961	96368.5
0.268	96262.7
0.26792	96478
0.267891	96553.9
0.267832	96632.7
0.267824	96625
0.267814	96633.3
0.267799	96596.4
0.267546	95996.6
0.267481	95962.3
0.267349	96123.3
0.267349	96124.5
0.267299	96219.8
0.267102	96439.1
0.267098	96437
0.266959	96364.4
0.266892	95981.4
0.266753	96060.1
0.266751	96062.1
0.266677	96123.1
0.266535	95912.8
0.266492	95899.2
0.266485	95897
0.266417	96182.2
0.266338	96777.6
0.266318	96934.3
0.266279	96933.3
0.266246	96962.4
0.266231	96974.1
0.266211	97044.4
0.266132	97091.5
0.266095	97093.8
0.265664	97120.7
0.265626	97011.3
0.265598	97101.3
0.265471	97205.6
0.26546	97201
0.265451	97170.4
0.265218	96377.8
0.2651	96074.2
0.265053	96040.8
0.264919	96444.1
0.264901	96496.6
0.264701	97061.5
0.264632	97046.5
0.264537	97003.5
0.264487	96966.9
0.264392	97099.9
0.264315	97160
0.26417	97234.7
0.264011	97317.2
0.26394	97276.3
0.26377	96310.5
0.263755	96298.1
0.263438	97154.6
0.26343	97152.2
0.263341	97125.5
0.263323	97108.6
0.263282	97071.5
0.263269	97081.2
0.263262	97104.8
0.263185	97359.8
0.262951	96742
0.262944	96709.9
0.262767	96591.5
0.262759	96586.2
0.262554	97150.2
0.262499	97166.5
0.262448	97246.3
0.262441	97256.9
0.262388	97338.8
0.262286	97389.9
0.262148	97458.4
0.262011	97665.9
0.261968	97739.4
0.261906	97846
0.261866	97802.7
0.26155	97119.3
0.261485	97032.2
0.261313	97155.1
0.261294	97168.6
0.261079	97543.1
0.260957	97727.9
0.260957	97728
0.260879	97817.3
0.260872	97822.3
0.260866	97816.7
0.260812	97804.1
0.260683	97604.1
0.260511	97335.7
0.260497	97384.3
0.260321	97505.2
0.260318	97514.4
0.260166	97922.4
0.260139	97957.6
0.26011	97994.4
0.259968	97973.3
0.259823	97739.6
0.259734	97479.5
0.259694	97462.2
0.259615	97626
0.259614	97628.9
0.259495	97868.1
0.259493	97872.2
0.259283	98320.7
0.259271	98337.4
0.259258	98336.2
0.259133	98324.4
0.258803	98298.4
0.258773	98296.3
0.258717	98328
0.258694	98311.5
0.258564	98217.8
0.258522	98115.7
0.25846	97965
0.258349	97807.1
0.25819	98064.9
0.258151	98190
0.258129	98260
0.258065	98265.2
0.25799	98271.2
0.257979	98272.6
0.257967	98274.5
0.257956	98276.3
0.257884	98276.5
0.257865	98239.6
0.257632	98264.5
0.257514	98277
0.257409	98268.6
0.257394	98267.3
0.257386	98268.3
0.257339	98273.7
0.257301	98364.1
0.257253	98363
0.257241	98362.7
0.257182	98345.7
0.256832	97861.5
0.2568	97906.3
0.25661	98282.1
0.256495	98509.9
0.256458	98550
0.256317	98613.9
0.256286	98610
0.256082	98155.2
0.255924	97920.7
0.255924	97920.7
0.255661	98331
0.255609	98413.2
0.255558	98445.6
0.25555	98454.9
0.255544	98459
0.255461	98526.2
0.255297	98245.7
0.255222	98117.3
0.255123	98013.5
0.255018	97932.6
0.255009	97925.6
0.254979	97961.3
0.254748	98354.4
0.254647	98526.7
0.2546	98628.5
0.254545	98568.6
0.254249	98158.1
0.254238	98154
0.254149	98475.5
0.254101	98647.2
0.254058	98666.9
0.253968	98641.3
0.253849	98607.1
0.253741	98665.9
0.253633	98550.4
0.253367	98703.7
0.253271	98721.7
0.253232	98754
0.25323	98756.9
0.253223	98763.4
0.253213	98765
0.253192	98715.4
0.253166	98742.7
0.253165	98742.4
0.253131	98733.6
0.252841	98451.8
0.252764	98637.2
0.252689	98816.4
0.252667	98830.8
0.25258	98810.5
0.252419	98772.8
0.252319	98760
0.252235	98698.2
0.251901	98699.1
0.2519	98699.1
0.251875	98721.8
0.251776	98734.8
0.251745	98704.2
0.251403	98593
0.251394	98596.2
0.251142	98726.6
0.250917	98863.2
0.25087	98903.2
0.250858	98901.9
0.250829	98898.9
0.250824	98900.3
0.250796	98908.1
0.250712	98866.9
0.250414	98757.7
0.250378	98795.1
0.250216	98868.8
0.25021	98871.2
0.250043	98941
0.250024	98911.6
0.25001	98941.1
0.249773	98930.5
0.249746	98934.4
0.249593	98956.4
0.24956	98956.2
0.249484	98879.9
0.249379	98773.7
0.249336	98737.4
0.249072	98896
0.248995	98942.1
0.248994	98941.8
0.248992	98941.1
0.248977	98944.4
0.248976	98945.6
0.248956	98950.5
0.248953	98950
0.248906	98937.1
0.248494	98825.7
0.248456	98844.1
0.248346	98893.6
0.248308	98910.4
0.24817	98896.5
0.248004	98961.1
0.247951	98981.6
0.247885	98983.1
0.247857	98984.3
0.247832	98985.4
0.247822	98984.2
0.247815	98985.8
0.247764	98988.8
0.247315	98983.1
0.247295	98985.4
0.24729	98981.6
0.247288	98979.2
0.24727	98981.2
0.247263	98982
0.247259	98979.9
0.247246	98980.7
0.247223	98981.1
0.24708	98983.6
0.246827	98960.1
0.24682	98963
0.246755	98989.4
0.246702	99004
0.246436	99019.1
0.246249	99018.1
0.246234	99018.1
0.246231	99018.1
0.246205	99018.8
0.246171	99018.6
0.246169	99018.6
0.246166	99018.6
0.246159	99016.1
0.245952	98961.3
0.245791	98918.8
0.245694	98915
0.245541	98973.8
0.245459	99003.8
0.245418	99018.8
0.24538	99030
0.245308	99046.8
0.245268	99041.7
0.245081	98978.3
0.245049	98976.2
0.244897	98987.6
0.244881	98987.3
0.244743	98985.4
0.24462	98990.9
0.244524	98974.4
0.244521	98974.9
0.244499	98978.4
0.244345	99014
0.244254	99035.2
0.244215	99037
0.244202	99036.6
0.244104	99033.5
0.243901	99052
0.243765	99052
0.243608	99054.4
0.243582	99055.1
0.243512	99056.9
0.243339	99050.1
0.243312	99050.2
0.243211	99051.8
0.243006	99055.2
0.242997	99055.1
0.242853	99039.9
0.242801	99027.1
0.242762	99017.7
0.242694	99013.7
0.242547	99035.4
0.242478	99045.6
0.242324	99049.6
0.242269	99044.5
0.242213	99045.1
0.24179	99020.3
0.210715	99958.6
0.211001	99959.7
0.210601	99958.1
0.210522	99957.6
0.210253	99956.2
0.210064	99957.2
0.209507	99957.4
0.209341	99957.9
0.209285	99958.1
0.209227	99958
0.209048	99957.9
0.208969	99957.8
0.208748	99957.7
0.208687	99957.5
0.208608	99957.1
0.208441	99955.6
0.20825	99954
0.208174	99953.9
0.20788	99956.8
0.207577	99957.5
0.207427	99956.5
0.207153	99954.8
0.207139	99954.8
0.20713	99954.9
0.207032	99955.3
0.206895	99956
0.20688	99956
0.206863	99956
0.206772	99956.1
0.206444	99956.6
0.206388	99956.4
0.206319	99956.3
0.206094	99955.9
0.205733	99957
0.205294	99960.5
0.205092	99961.2
0.204922	99961.9
0.204821	99962.3
0.204753	99962.5
0.20464	99962.4
0.204434	99962
0.204297	99961.4
0.203954	99959.8
0.203724	99961.9
0.203564	99962.5
0.203388	99963.1
0.203123	99967.5
0.203078	99968.2
0.203019	99969.1
0.202813	99971
0.202518	99973.8
0.202516	99973.8
0.202515	99973.8
0.202109	99978.5
0.20209	99978.5
0.202035	99978.5
0.201714	99976.5
0.201653	99976.7
0.201319	99977.4
0.201153	99974.7
0.200941	99971.2
0.200551	99978.4
0.200322	99980.9
0.200311	99981.1
0.200163	99983.5
0.200161	99983.5
0.200133	99983.3
0.199666	99979.3
0.19964	99979.4
0.199329	99983.6
0.1993	99984
0.198866	99982.8
0.19881	99982.8
0.198602	99984.3
0.19852	99984.9
0.198365	99987.1
0.198223	99988.8
0.19807	99990.6
0.197849	99989
0.197809	99988.7
0.197806	99988.7
0.197554	99988.6
0.19755	99988.6
0.197054	99995.9
0.196888	99996.7
0.19667	99997.7
0.196636	99998.2
0.196636	99998.2
0.196488	99999.1
0.196436	99999
0.196039	99997.9
0.195945	99998.3
0.195694	99998.6
0.195442	99998.8
0.195437	99998.8
0.195432	99998.8
0.195231	99999.5
0.195199	99999.7
0.195198	99999.7
0.194886	99998.9
0.194546	99998.5
0.194139	99998.9
0.194061	99999
0.193822	99999.2
0.193564	99999.6
0.193339	99999.7
0.19317	99999.7
0.193121	99999.7
0.192847	99999.6
0.192684	99999.5
0.192491	99999.4
0.19233	99999.4
0.192126	99999.5
0.191982	99999.5
0.19176	99999.5
0.191413	100000
0.191374	100000
0.191347	100000
0.190904	100000
0.190663	99999.9
0.190502	100000
0.190356	100000
0.190034	100000
0.190014	100000
0.189579	100000
0.189468	100000
0.189263	100000
0.189242	100000
0.188795	100000
0.188602	100000
0.188431	100000
0.188145	99999.9
0.18806	99999.9
0.187668	99999.9
0.187619	99999.9
0.187451	99999.9
0.187406	99999.9
0.187118	100000
0.187083	100000
0.187025	100000
0.186964	100000
0.186572	100000
0.186511	100000
0.186449	100000
0.186344	99999.9
0.186216	100000
0.185879	99999.9
0.185878	99999.9
0.185619	99999.9
0.185508	99999.9
0.18546	99999.9
0.185014	99999.9
0.184787	99999.9
0.184721	99999.9
0.184715	99999.9
0.184562	99999.9
0.184172	99999.9
0.184075	99999.9
0.184	99999.9
0.18385	99999.9
0.183824	99999.9
0.183606	99999.9
0.183349	99999.9
0.183072	99999.9
0.182562	99999.9
0.182529	99999.9
0.182514	99999.9
0.182501	99999.9
0.182257	99999.9
0.181937	99999.9
0.181879	99999.9
0.181781	99999.9
0.181349	99999.9
0.181306	99999.9
0.181136	99999.9
0.181065	99999.9
0.180789	99999.9
0.180678	99999.9
0.180528	99999.9
0.180066	100000
0.179616	99999.9
0.179605	99999.9
0.17959	99999.9
0.179155	99999.9
0.179052	99999.9
0.17898	99999.9
0.178703	99999.9
0.178365	99999.9
0.17833	99999.9
0.178307	99999.9
0.178036	99999.9
0.178016	100000
0.177945	99999.9
0.177462	100000
0.177385	100000
0.177237	100000
0.177172	100000
0.17711	100000
0.177063	100000
0.176999	100000
0.176491	100000
0.17625	100000
0.176129	100000
0.175855	100000
0.175738	100000
0.175644	100000
0.17531	100000
0.175144	100000
0.175078	100000
0.174846	100000
0.174695	100000
0.174156	100000
0.17414	100000
0.173997	100000
0.173897	100000
0.173888	100000
0.173763	100000
0.173381	100000
0.173371	100000
0.173017	100000
0.172937	100000
0.172668	100000
0.172612	100000
0.172607	100000
0.172078	100000
0.171834	100000
0.171818	100000
0.171686	100000
0.171407	100000
0.170992	100000
0.170926	100000
0.170727	100000
0.17059	100000
0.170265	100000
0.170153	100000
0.169896	100000
0.169573	100000
0.169532	100000
0.169505	100000
0.169219	100000
0.169119	100000
0.169111	100000
0.169095	100000
0.168598	100000
0.168456	100000
0.168359	100000
0.167871	100000
0.167805	100000
0.16754	100000
0.167448	100000
0.167323	100000
0.16721	100000
0.166935	100000
0.166207	100000
0.166199	100000
0.166191	100000
0.166183	100000
0.166092	100000
0.166083	100000
0.166066	100000
0.166024	100000
0.165814	100000
0.165274	100000
0.165232	100000
0.165	100000
0.165	100000
)
