(title "Mach Number")
(labels "Position" "Mach Number")

((xy/key/label "centerline")
0.241789	0.761139
0.241685	0.761097
0.241539	0.761039
0.24149	0.76103
0.241304	0.760993
0.241246	0.760973
0.241181	0.76093
0.241022	0.76071
0.240717	0.760655
0.240697	0.760648
0.240628	0.760605
0.240592	0.76063
0.240558	0.760622
0.240441	0.760635
0.240431	0.760635
0.240221	0.760651
0.240182	0.760641
0.239953	0.760353
0.23994	0.760354
0.239804	0.760482
0.239771	0.760513
0.239675	0.760484
0.239396	0.760445
0.239339	0.760482
0.23933	0.760476
0.239307	0.76046
0.239243	0.760476
0.239232	0.760483
0.239211	0.760496
0.239209	0.760502
0.239204	0.760516
0.239098	0.760597
0.239094	0.760599
0.238942	0.760687
0.238855	0.760697
0.238808	0.760508
0.238783	0.760406
0.238577	0.760511
0.238563	0.760519
0.238522	0.76054
0.238407	0.76073
0.238351	0.760822
0.238279	0.760876
0.23825	0.760898
0.238198	0.760929
0.238152	0.760961
0.238113	0.760969
0.238004	0.761073
0.237786	0.761281
0.237753	0.761323
0.237436	0.761503
0.237388	0.761488
0.237369	0.761508
0.237328	0.761551
0.237284	0.761587
0.23724	0.761624
0.23719	0.761721
0.236919	0.761798
0.236675	0.762347
0.23666	0.762364
0.236647	0.762367
0.236603	0.762399
0.236602	0.762401
0.236602	0.762401
0.236555	0.762551
0.236555	0.762551
0.236184	0.763167
0.236134	0.763218
0.23603	0.763421
0.235924	0.763667
0.235882	0.763781
0.235684	0.764172
0.235641	0.764333
0.235577	0.764564
0.235539	0.764678
0.235462	0.764902
0.235452	0.764927
0.235439	0.764997
0.235426	0.765004
0.23535	0.76514
0.235186	0.765431
0.235069	0.765749
0.234972	0.766294
0.234886	0.766779
0.23478	0.76737
0.234778	0.767376
0.234687	0.767659
0.234668	0.767736
0.234529	0.767976
0.234342	0.7683
0.234325	0.768358
0.234165	0.769472
0.23405	0.770274
0.23403	0.770357
0.233849	0.771248
0.233815	0.771422
0.233807	0.771468
0.233643	0.772427
0.233608	0.772632
0.233525	0.772873
0.233387	0.773272
0.233348	0.773582
0.233275	0.773865
0.233151	0.774874
0.233144	0.774934
0.233017	0.775555
0.232951	0.776056
0.232941	0.776134
0.232783	0.777675
0.232633	0.779041
0.232478	0.780444
0.232399	0.781021
0.232308	0.78161
0.232254	0.782351
0.232155	0.78339
0.232022	0.784776
0.23197	0.785249
0.231956	0.785423
0.231777	0.787183
0.231776	0.787196
0.231775	0.787204
0.231773	0.787228
0.231605	0.788817
0.231487	0.790064
0.231394	0.791358
0.231181	0.794436
0.231116	0.795517
0.231076	0.796124
0.231042	0.796682
0.230992	0.797526
0.230915	0.798484
0.230888	0.798829
0.230873	0.799062
0.230846	0.799379
0.230506	0.805257
0.230438	0.806439
0.230391	0.807421
0.230379	0.807674
0.230341	0.808314
0.230311	0.808894
0.230309	0.808932
0.230302	0.809057
0.230295	0.809176
0.230277	0.809465
0.230001	0.814246
0.229938	0.81524
0.229927	0.815528
0.229818	0.81855
0.229768	0.82038
0.229701	0.822868
0.229565	0.826344
0.229543	0.826803
0.229466	0.828405
0.229076	0.839346
0.229076	0.839372
0.229068	0.839629
0.228975	0.842478
0.228923	0.844402
0.228854	0.846694
0.228841	0.847135
0.228501	0.858304
0.228407	0.861211
0.228304	0.864276
0.22816	0.870024
0.228141	0.870717
0.228061	0.873591
0.227999	0.876735
0.227861	0.88381
0.227792	0.887198
0.227745	0.889279
0.227723	0.890363
0.227694	0.891715
0.227617	0.894581
0.227593	0.895443
0.227563	0.896742
0.227292	0.908314
0.227283	0.908618
0.227276	0.908645
0.227265	0.908513
0.227093	0.906496
0.226849	0.906396
0.226769	0.904748
0.226706	0.899121
0.226511	0.881554
0.226409	0.873939
0.226353	0.869242
0.226294	0.861034
0.226214	0.848072
0.226046	0.820124
0.225867	0.790391
0.225778	0.774552
0.225616	0.739189
0.225548	0.721961
0.225501	0.7108
0.225362	0.677559
0.225098	0.607855
0.225085	0.604453
0.225062	0.597916
0.225036	0.59203
0.224937	0.568782
0.224912	0.563053
0.224805	0.538247
0.224785	0.533556
0.224637	0.495954
0.224499	0.467782
0.224433	0.454569
0.224273	0.421097
0.224273	0.421038
0.224272	0.420974
0.224157	0.401324
0.224019	0.379795
0.223848	0.35268
0.223846	0.352342
0.223771	0.34372
0.22377	0.34365
0.223478	0.309838
0.223447	0.306309
0.223155	0.281593
0.223102	0.277171
0.223042	0.272155
0.222817	0.255711
0.222683	0.248292
0.222384	0.233314
0.222371	0.232664
0.222166	0.226651
0.222143	0.225993
0.22203	0.221786
0.221985	0.220101
0.221953	0.21882
0.221942	0.218503
0.221856	0.216045
0.221513	0.206254
0.221254	0.200084
0.221131	0.197499
0.220944	0.19491
0.220728	0.192264
0.220483	0.188838
0.220426	0.188042
0.220253	0.186012
0.220088	0.184562
0.219902	0.182942
0.219801	0.182174
0.219589	0.181009
0.219372	0.179749
0.219289	0.179281
0.218965	0.177517
0.218725	0.176789
0.218709	0.176742
0.218381	0.175745
0.218079	0.175134
0.218077	0.17513
0.217737	0.174391
0.217667	0.17429
0.217433	0.174083
0.217229	0.173864
0.217133	0.173792
0.216868	0.173567
0.216793	0.173512
0.21677	0.173511
0.216598	0.173497
0.216214	0.173426
0.216138	0.173417
0.2158	0.173379
0.215682	0.173428
0.215548	0.173509
0.215374	0.173614
0.21528	0.173657
0.215095	0.173755
0.214833	0.173894
0.21477	0.173931
0.214491	0.174165
0.214474	0.174181
0.214439	0.174217
0.213828	0.174847
0.213701	0.174989
0.213504	0.175238
0.213278	0.175545
0.213238	0.175598
0.212975	0.175943
0.212925	0.176022
0.212582	0.17656
0.212565	0.176588
0.212278	0.177119
0.212086	0.177474
0.211847	0.177973
0.211497	0.178706
0.211465	0.178774
0.211002	0.179791
0.267961	0.792085
0.268	0.7916
0.26792	0.792587
0.267891	0.79293
0.267832	0.793209
0.267824	0.79315
0.267814	0.79317
0.267799	0.792937
0.267546	0.789153
0.267481	0.788865
0.267349	0.789414
0.267349	0.789419
0.267299	0.789801
0.267102	0.790549
0.267098	0.790529
0.266959	0.789843
0.266892	0.787679
0.266753	0.787785
0.266751	0.787791
0.266677	0.787962
0.266535	0.786518
0.266492	0.786348
0.266485	0.786321
0.266417	0.787687
0.266338	0.790682
0.266318	0.791471
0.266279	0.791383
0.266246	0.791465
0.266231	0.791491
0.266211	0.791832
0.266132	0.791912
0.266095	0.791843
0.265664	0.791059
0.265626	0.790368
0.265598	0.790799
0.265471	0.791086
0.26546	0.791038
0.265451	0.790855
0.265218	0.786134
0.2651	0.784272
0.265053	0.784006
0.264919	0.78589
0.264901	0.786126
0.264701	0.788668
0.264632	0.788411
0.264537	0.787971
0.264487	0.78766
0.264392	0.788178
0.264315	0.788352
0.26417	0.78846
0.264011	0.788579
0.26394	0.788207
0.26377	0.782728
0.263755	0.782632
0.263438	0.786528
0.26343	0.786499
0.263341	0.78617
0.263323	0.786044
0.263282	0.785767
0.263269	0.785793
0.263262	0.785906
0.263185	0.787125
0.262951	0.783368
0.262944	0.783183
0.262767	0.782119
0.262759	0.782071
0.262554	0.784608
0.262499	0.784554
0.262448	0.78487
0.262441	0.784915
0.262388	0.785262
0.262286	0.785334
0.262148	0.785432
0.262011	0.786272
0.261968	0.786573
0.261906	0.787011
0.261866	0.786704
0.26155	0.782511
0.261485	0.781917
0.261313	0.782167
0.261294	0.782195
0.261079	0.783721
0.260957	0.784447
0.260957	0.784448
0.260879	0.784771
0.260872	0.784784
0.260866	0.784744
0.260812	0.784547
0.260683	0.783235
0.260511	0.781474
0.260497	0.781705
0.260321	0.781952
0.260318	0.781995
0.260166	0.783855
0.260139	0.783988
0.26011	0.784126
0.259968	0.783715
0.259823	0.782148
0.259734	0.780597
0.259694	0.78044
0.259615	0.781182
0.259614	0.781195
0.259495	0.782215
0.259493	0.782232
0.259283	0.784178
0.259271	0.784244
0.259258	0.784213
0.259133	0.783912
0.258803	0.78313
0.258773	0.783054
0.258717	0.783121
0.258694	0.78299
0.258564	0.782251
0.258522	0.781647
0.25846	0.780755
0.258349	0.779733
0.25819	0.780771
0.258151	0.781344
0.258129	0.781664
0.258065	0.781567
0.25799	0.781454
0.257979	0.78144
0.257967	0.781426
0.257956	0.781413
0.257884	0.781273
0.257865	0.781043
0.257632	0.780715
0.257514	0.780549
0.257409	0.780299
0.257394	0.78025
0.257386	0.780235
0.257339	0.780143
0.257301	0.780605
0.257253	0.780494
0.257241	0.780466
0.257182	0.780248
0.256832	0.777012
0.2568	0.777192
0.25661	0.778831
0.256495	0.779824
0.256458	0.779975
0.256317	0.780046
0.256286	0.779971
0.256082	0.777225
0.255924	0.775671
0.255924	0.775669
0.255661	0.77732
0.255609	0.777651
0.255558	0.777745
0.25555	0.777782
0.255544	0.777791
0.255461	0.777972
0.255297	0.776208
0.255222	0.7754
0.255123	0.774667
0.255018	0.774046
0.255009	0.773992
0.254979	0.774123
0.254748	0.775776
0.254647	0.7765
0.2546	0.77695
0.254545	0.776561
0.254249	0.773929
0.254238	0.773889
0.254149	0.775398
0.254101	0.776203
0.254058	0.776227
0.253968	0.775925
0.253849	0.775523
0.253741	0.775617
0.253633	0.774816
0.253367	0.77518
0.253271	0.77512
0.253232	0.77523
0.25323	0.775241
0.253223	0.775265
0.253213	0.775254
0.253192	0.774953
0.253166	0.77505
0.253165	0.775047
0.253131	0.774941
0.252841	0.772957
0.252764	0.773778
0.252689	0.774571
0.252667	0.774603
0.25258	0.774339
0.252419	0.773851
0.252319	0.773628
0.252235	0.773168
0.251901	0.772635
0.2519	0.772634
0.251875	0.77271
0.251776	0.772596
0.251745	0.772383
0.251403	0.771223
0.251394	0.771226
0.251142	0.771503
0.250917	0.771833
0.25087	0.771963
0.250858	0.771936
0.250829	0.771872
0.250824	0.771872
0.250796	0.771869
0.250712	0.771521
0.250414	0.770483
0.250378	0.770622
0.250216	0.770749
0.25021	0.770753
0.250043	0.770849
0.250024	0.770666
0.25001	0.770796
0.249773	0.770362
0.249746	0.77034
0.249593	0.770214
0.24956	0.770163
0.249484	0.769643
0.249379	0.76892
0.249336	0.768662
0.249072	0.769099
0.248995	0.769225
0.248994	0.769221
0.248992	0.769214
0.248977	0.769208
0.248976	0.769213
0.248956	0.76921
0.248953	0.769202
0.248906	0.769063
0.248494	0.767851
0.248456	0.767883
0.248346	0.767965
0.248308	0.767993
0.24817	0.767705
0.248004	0.767814
0.247951	0.767849
0.247885	0.767767
0.247857	0.767731
0.247832	0.767698
0.247822	0.767677
0.247815	0.767676
0.247764	0.767616
0.247315	0.766957
0.247295	0.766941
0.24729	0.766915
0.247288	0.766899
0.24727	0.766886
0.247263	0.766881
0.247259	0.766865
0.247246	0.766851
0.247223	0.766822
0.24708	0.766638
0.246827	0.766169
0.24682	0.766174
0.246755	0.766225
0.246702	0.766229
0.246436	0.765958
0.246249	0.765707
0.246234	0.765687
0.246231	0.765683
0.246205	0.765651
0.246171	0.765605
0.246169	0.765603
0.246166	0.7656
0.246159	0.765578
0.245952	0.765017
0.245791	0.764583
0.245694	0.764442
0.245541	0.764565
0.245459	0.764626
0.245418	0.764657
0.24538	0.764672
0.245308	0.764681
0.245268	0.764604
0.245081	0.764044
0.245049	0.763994
0.244897	0.76387
0.244881	0.763851
0.244743	0.763675
0.24462	0.763554
0.244524	0.763357
0.244521	0.763357
0.244499	0.763352
0.244345	0.76338
0.244254	0.763396
0.244215	0.763363
0.244202	0.763347
0.244104	0.763228
0.243901	0.763119
0.243765	0.762981
0.243608	0.762835
0.243582	0.762812
0.243512	0.762751
0.243339	0.762538
0.243312	0.762514
0.243211	0.762431
0.243006	0.762264
0.242997	0.762256
0.242853	0.762053
0.242801	0.76194
0.242762	0.761857
0.242694	0.761779
0.242547	0.761776
0.242478	0.761775
0.242324	0.76167
0.242269	0.761597
0.242213	0.761563
0.24179	0.761139
0.210715	0.180463
0.211001	0.179793
0.210601	0.180731
0.210522	0.180921
0.210253	0.181565
0.210064	0.182093
0.209507	0.183624
0.209341	0.184124
0.209285	0.184293
0.209227	0.184465
0.209048	0.185006
0.208969	0.185246
0.208748	0.185893
0.208687	0.186065
0.208608	0.18629
0.208441	0.18678
0.20825	0.187337
0.208174	0.187573
0.20788	0.188516
0.207577	0.189415
0.207427	0.189848
0.207153	0.190639
0.207139	0.190674
0.20713	0.190699
0.207032	0.190955
0.206895	0.191316
0.20688	0.191359
0.206863	0.191404
0.206772	0.191637
0.206444	0.192497
0.206388	0.192586
0.206319	0.192715
0.206094	0.193139
0.205733	0.193809
0.205294	0.193846
0.205092	0.193885
0.204922	0.193949
0.204821	0.193987
0.204753	0.193875
0.20464	0.193699
0.204434	0.193379
0.204297	0.192955
0.203954	0.191892
0.203724	0.190821
0.203564	0.190029
0.203388	0.189161
0.203123	0.187014
0.203078	0.186651
0.203019	0.186176
0.202813	0.18422
0.202518	0.181402
0.202516	0.181387
0.202515	0.181378
0.202109	0.175972
0.20209	0.175706
0.202035	0.174976
0.201714	0.170709
0.201653	0.169673
0.201319	0.16368
0.201153	0.160576
0.200941	0.156594
0.200551	0.14787
0.200322	0.142679
0.200311	0.142452
0.200163	0.138919
0.200161	0.138865
0.200133	0.138253
0.199666	0.127749
0.19964	0.127136
0.199329	0.119735
0.1993	0.119062
0.198866	0.10925
0.19881	0.10791
0.198602	0.103127
0.19852	0.101235
0.198365	0.0981665
0.198223	0.0954166
0.19807	0.0924303
0.197849	0.0879893
0.197809	0.0871829
0.197806	0.08713
0.197554	0.082764
0.19755	0.0827036
0.197054	0.0741225
0.196888	0.0717506
0.19667	0.0686472
0.196636	0.0681484
0.196636	0.0681414
0.196488	0.0659972
0.196436	0.0653165
0.196039	0.0600023
0.195945	0.0590047
0.195694	0.056279
0.195442	0.0535325
0.195437	0.0534787
0.195432	0.05343
0.195231	0.0513861
0.195199	0.051056
0.195198	0.0510461
0.194886	0.0483824
0.194546	0.0452194
0.194139	0.0424075
0.194061	0.0418963
0.193822	0.0403266
0.193564	0.0386592
0.193339	0.0374475
0.19317	0.036542
0.193121	0.0362773
0.192847	0.0348852
0.192684	0.0341197
0.192491	0.0332109
0.19233	0.0325354
0.192126	0.0317464
0.191982	0.0311883
0.19176	0.0302909
0.191413	0.0291784
0.191374	0.0290532
0.191347	0.0289739
0.190904	0.0276633
0.190663	0.0269626
0.190502	0.0265741
0.190356	0.0262229
0.190034	0.025482
0.190014	0.0254374
0.189579	0.0245466
0.189468	0.024326
0.189263	0.0239187
0.189242	0.0238825
0.188795	0.0231165
0.188602	0.0228263
0.188431	0.022562
0.188145	0.0221206
0.18806	0.0220062
0.187668	0.0214905
0.187619	0.0214317
0.187451	0.0212389
0.187406	0.0211888
0.187118	0.0208729
0.187083	0.0208333
0.187025	0.0207746
0.186964	0.0207139
0.186572	0.020313
0.186511	0.0202527
0.186449	0.020191
0.186344	0.0200852
0.186216	0.0199807
0.185879	0.0196682
0.185878	0.0196676
0.185619	0.0194722
0.185508	0.0193886
0.18546	0.0193507
0.185014	0.0190358
0.184787	0.0188784
0.184721	0.018836
0.184715	0.018833
0.184562	0.0187407
0.184172	0.0185066
0.184075	0.018448
0.184	0.0184052
0.18385	0.018329
0.183824	0.018316
0.183606	0.018208
0.183349	0.0180768
0.183072	0.0179582
0.182562	0.0177353
0.182529	0.0177211
0.182514	0.0177146
0.182501	0.0177095
0.182257	0.0176155
0.181937	0.0174919
0.181879	0.0174699
0.181781	0.0174385
0.181349	0.0172975
0.181306	0.0172841
0.181136	0.0172293
0.181065	0.0172066
0.180789	0.0171285
0.180678	0.0170972
0.180528	0.0170579
0.180066	0.0169369
0.179616	0.0168318
0.179605	0.0168294
0.17959	0.0168262
0.179155	0.016732
0.179052	0.0167111
0.17898	0.0166964
0.178703	0.0166451
0.178365	0.0165803
0.17833	0.0165736
0.178307	0.0165695
0.178036	0.016524
0.178016	0.0165208
0.177945	0.01651
0.177462	0.0164363
0.177385	0.0164246
0.177237	0.0164013
0.177172	0.0163922
0.17711	0.0163836
0.177063	0.0163771
0.176999	0.0163687
0.176491	0.0162999
0.17625	0.016272
0.176129	0.016258
0.175855	0.0162262
0.175738	0.0162126
0.175644	0.0162031
0.17531	0.0161695
0.175144	0.0161527
0.175078	0.0161463
0.174846	0.0161236
0.174695	0.0161107
0.174156	0.0160636
0.17414	0.0160622
0.173997	0.0160501
0.173897	0.0160423
0.173888	0.0160416
0.173763	0.0160325
0.173381	0.0160055
0.173371	0.0160048
0.173017	0.0159792
0.172937	0.0159735
0.172668	0.0159563
0.172612	0.015953
0.172607	0.0159527
0.172078	0.0159209
0.171834	0.0159074
0.171818	0.0159065
0.171686	0.0158991
0.171407	0.0158844
0.170992	0.0158643
0.170926	0.015861
0.170727	0.0158516
0.17059	0.0158452
0.170265	0.0158308
0.170153	0.0158261
0.169896	0.0158159
0.169573	0.0158031
0.169532	0.0158014
0.169505	0.0158005
0.169219	0.0157902
0.169119	0.0157866
0.169111	0.0157863
0.169095	0.0157858
0.168598	0.0157688
0.168456	0.0157642
0.168359	0.0157611
0.167871	0.0157462
0.167805	0.0157444
0.16754	0.0157369
0.167448	0.0157343
0.167323	0.0157309
0.16721	0.0157279
0.166935	0.0157205
0.166207	0.0157029
0.166199	0.0157027
0.166191	0.0157025
0.166183	0.0157023
0.166092	0.0157001
0.166083	0.0156999
0.166066	0.0156995
0.166024	0.0156986
0.165814	0.015694
0.165274	0.015682
0.165232	0.015681
0.165	0.0156765
0.165	0.0156765
)
