(title "Total Pressure")
(labels "Position" "Total Pressure")

((xy/key/label "centerline")
0.6	99840.4
0.599547	99839.6
0.59884	99832.2
0.598132	99822
0.597425	99824.9
0.596718	99831.8
0.596011	99825.3
0.595304	99822.8
0.594597	99825.9
0.59389	99824.7
0.593183	99822.3
0.592476	99821.3
0.591769	99829.4
0.591062	99831.3
0.590355	99829.6
0.589648	99831.7
0.588941	99822.1
0.588234	99827
0.587527	99830.9
0.586819	99836.8
0.586112	99838.4
0.585405	99827.1
0.584698	99816.1
0.583991	99825.7
0.583284	99824.5
0.582577	99820.5
0.58187	99819.7
0.581163	99816.9
0.580456	99815
0.579749	99823.3
0.579042	99825.5
0.578335	99815.4
0.577628	99815.5
0.576921	99810.9
0.576214	99820.2
0.575507	99825.3
0.574799	99823.1
0.574092	99816.2
0.573385	99809.9
0.572678	99818.1
0.571973	99809
0.571268	99792.3
0.570562	99797.4
0.569854	99794.3
0.569127	99801.9
0.568358	99813.5
0.567544	99816.8
0.566685	99800.9
0.565797	99827.7
0.564906	99837.3
0.56399	99835
0.563038	99839.9
0.562106	99838.1
0.561197	99891.1
0.560285	99804.5
0.559337	99746
0.558313	99800.7
0.557194	99805.5
0.556036	99766.6
0.554933	99814.5
0.553935	99737.6
0.552995	99707
0.552068	99806.1
0.551134	99849.4
0.550173	99819.9
0.549146	99817.4
0.548005	99860.6
0.546779	99930.2
0.54565	99919.5
0.544567	99924.9
0.543493	99933.2
0.542405	99941.5
0.541328	99964.9
0.540237	100001
0.539101	99963.1
0.537922	99952.7
0.53674	99966.1
0.535552	99966.3
0.534322	99958.4
0.533054	99969.7
0.531764	99989.6
0.530451	100016
0.52912	100012
0.527789	100007
0.526459	99997.6
0.525128	100002
0.523797	100011
0.522467	99999.9
0.521136	99997.6
0.519805	100000
0.518475	99996.7
0.517144	99996.5
0.515813	99995.2
0.514483	99992.4
0.513152	99993.3
0.511821	99993.6
0.510491	99990.9
0.50916	99993.5
0.507829	99999.8
0.506499	100001
0.505168	100001
0.503837	100000
0.502507	99999.4
0.501176	99999.9
0.499845	99999.5
0.498514	99999.4
0.497184	99999.5
0.495853	100000
0.494522	99999.5
0.493192	99999
0.491861	99999.4
0.49053	99999.5
0.4892	99999.4
0.487869	99999.1
0.486538	99999.5
0.485208	99999.5
0.483877	99999.6
0.482546	99999.7
0.481216	99999.7
0.479885	99999.7
0.478554	99999.6
0.477224	99999.5
0.475893	99999.4
0.474562	99999.4
0.473232	99999.4
0.471901	99999.7
0.47057	99999.7
0.469239	99999.8
0.467909	99999.7
0.466578	99999.7
0.465247	99999.6
0.463917	99999.6
0.462586	99999.7
0.461255	99999.7
0.459925	99999.7
0.458594	99999.7
0.457263	99999.7
0.455933	99999.6
0.454602	99999.7
0.453271	99999.7
0.451941	99999.7
0.45061	99999.7
0.449279	99999.7
0.447949	99999.7
0.446618	99999.7
0.445287	99999.7
0.443956	99999.7
0.442626	99999.7
0.441295	99999.7
0.439964	99999.7
0.438634	99999.7
0.437303	99999.7
0.435972	99999.7
0.434642	99999.7
0.433311	99999.7
0.43198	99999.7
0.43065	99999.7
0.429319	99999.7
0.427988	99999.7
0.426658	99999.8
0.425327	99999.8
0.423996	99999.8
0.422666	99999.8
0.421335	99999.8
0.420004	99999.8
0.418674	99999.8
0.417343	99999.8
0.416012	99999.8
0.414681	99999.8
0.413351	99999.8
0.41202	99999.8
0.410689	99999.8
0.409359	99999.8
0.408028	99999.8
0.406697	99999.8
0.405367	99999.8
0.404036	99999.8
0.402705	99999.8
0.401375	99999.8
0.400044	99999.8
0.398713	99999.8
0.397383	99999.8
0.396052	99999.8
0.394721	99999.8
0.393391	99999.8
0.39206	99999.8
0.390729	99999.8
0.389399	99999.8
0.388068	99999.8
0.386737	99999.8
0.385406	99999.8
0.385	99999.8
)
