(title "Mach Number")
(labels "Position" "Mach Number")

((xy/key/label "centerline")
0.6	0.641791
0.599547	0.641021
0.59884	0.639774
0.598132	0.638519
0.597425	0.637321
0.596718	0.636104
0.596011	0.634833
0.595304	0.633658
0.594597	0.632442
0.59389	0.631219
0.593183	0.629988
0.592476	0.628767
0.591769	0.627489
0.591062	0.626331
0.590355	0.625134
0.589648	0.623819
0.588941	0.622555
0.588234	0.621301
0.587527	0.620059
0.586819	0.61884
0.586112	0.61758
0.585405	0.616302
0.584698	0.614988
0.583991	0.613782
0.583284	0.612494
0.582577	0.611176
0.58187	0.609837
0.581163	0.608574
0.580456	0.607303
0.579749	0.606002
0.579042	0.60472
0.578335	0.60338
0.577628	0.602023
0.576921	0.600709
0.576214	0.599395
0.575507	0.598071
0.574799	0.596635
0.574092	0.595281
0.573385	0.593915
0.572678	0.592581
0.571973	0.591105
0.571268	0.589866
0.570562	0.588673
0.569854	0.587737
0.569127	0.587149
0.568358	0.586614
0.567544	0.585852
0.566685	0.58454
0.565797	0.582239
0.564906	0.579488
0.56399	0.575447
0.563038	0.57055
0.562106	0.56459
0.561197	0.558982
0.560285	0.552693
0.559337	0.544772
0.558313	0.536749
0.557194	0.525667
0.556036	0.511774
0.554933	0.500199
0.553935	0.488882
0.552995	0.477296
0.552068	0.465148
0.551134	0.454226
0.550173	0.440935
0.549146	0.425025
0.548005	0.410022
0.546779	0.394042
0.54565	0.378036
0.544567	0.362915
0.543493	0.347355
0.542405	0.331998
0.541328	0.317884
0.540237	0.30364
0.539101	0.28984
0.537922	0.274523
0.53674	0.259831
0.535552	0.246405
0.534322	0.232715
0.533054	0.219037
0.531764	0.205899
0.530451	0.193354
0.52912	0.180925
0.527789	0.169662
0.526459	0.158705
0.525128	0.148927
0.523797	0.140193
0.522467	0.13209
0.521136	0.123095
0.519805	0.115307
0.518475	0.108257
0.517144	0.101637
0.515813	0.0957448
0.514483	0.0899545
0.513152	0.0848802
0.511821	0.0800419
0.510491	0.075178
0.50916	0.0712343
0.507829	0.0678254
0.506499	0.0637209
0.505168	0.0605566
0.503837	0.057545
0.502507	0.0542898
0.501176	0.0515541
0.499845	0.0493342
0.498514	0.0470489
0.497184	0.0448253
0.495853	0.0427666
0.494522	0.0409426
0.493192	0.0392664
0.491861	0.0376148
0.49053	0.0360667
0.4892	0.034606
0.487869	0.0333923
0.486538	0.0320607
0.485208	0.0309513
0.483877	0.0298731
0.482546	0.0289296
0.481216	0.0280338
0.479885	0.027138
0.478554	0.0263244
0.477224	0.0255752
0.475893	0.0248535
0.474562	0.0242342
0.473232	0.0236971
0.471901	0.0231288
0.47057	0.0225655
0.469239	0.0220778
0.467909	0.0216427
0.466578	0.0212228
0.465247	0.0208164
0.463917	0.0204547
0.462586	0.0201174
0.461255	0.019827
0.459925	0.0195299
0.458594	0.0192745
0.457263	0.0189877
0.455933	0.018735
0.454602	0.0185337
0.453271	0.0183612
0.451941	0.0181827
0.45061	0.0180195
0.449279	0.0178556
0.447949	0.0177235
0.446618	0.0175939
0.445287	0.01747
0.443956	0.0173766
0.442626	0.017291
0.441295	0.0172032
0.439964	0.0171255
0.438634	0.0170551
0.437303	0.0169918
0.435972	0.0169371
0.434642	0.0168863
0.433311	0.0168413
0.43198	0.0168031
0.43065	0.0167694
0.429319	0.0167394
0.427988	0.0167133
0.426658	0.01669
0.425327	0.0166709
0.423996	0.0166532
0.422666	0.0166371
0.421335	0.0166244
0.420004	0.016612
0.418674	0.0166009
0.417343	0.0165907
0.416012	0.0165812
0.414681	0.0165721
0.413351	0.0165639
0.41202	0.0165565
0.410689	0.0165491
0.409359	0.0165408
0.408028	0.0165352
0.406697	0.0165288
0.405367	0.0165217
0.404036	0.0165146
0.402705	0.0165084
0.401375	0.0165019
0.400044	0.0164955
0.398713	0.0164891
0.397383	0.0164828
0.396052	0.0164764
0.394721	0.01647
0.393391	0.0164636
0.39206	0.0164572
0.390729	0.0164511
0.389399	0.0164445
0.388068	0.0164383
0.386737	0.0164316
0.385406	0.0164254
0.385	0.0164234
)
