(title "Static Temperature")
(labels "Position" "Static Temperature")

((xy/key/label "centerline")
0.241789	607.614
0.241685	607.615
0.241539	607.607
0.24149	607.605
0.241304	607.597
0.241246	607.59
0.241181	607.604
0.241022	607.662
0.240717	607.653
0.240697	607.652
0.240628	607.66
0.240592	607.641
0.240558	607.641
0.240441	607.628
0.240431	607.628
0.240221	607.624
0.240182	607.63
0.239953	607.699
0.23994	607.699
0.239804	607.663
0.239771	607.654
0.239675	607.654
0.239396	607.664
0.239339	607.657
0.23933	607.658
0.239307	607.66
0.239243	607.655
0.239232	607.655
0.239211	607.653
0.239209	607.652
0.239204	607.649
0.239098	607.643
0.239094	607.643
0.238942	607.632
0.238855	607.635
0.238808	607.666
0.238783	607.683
0.238577	607.665
0.238563	607.663
0.238522	607.659
0.238407	607.627
0.238351	607.612
0.238279	607.597
0.23825	607.591
0.238198	607.584
0.238152	607.578
0.238113	607.575
0.238004	607.559
0.237786	607.527
0.237753	607.519
0.237436	607.487
0.237388	607.489
0.237369	607.486
0.237328	607.48
0.237284	607.475
0.23724	607.467
0.23719	607.454
0.236919	607.454
0.236675	607.357
0.23666	607.354
0.236647	607.353
0.236603	607.347
0.236602	607.346
0.236602	607.346
0.236555	607.327
0.236555	607.326
0.236184	607.242
0.236134	607.231
0.23603	607.194
0.235924	607.153
0.235882	607.136
0.235684	607.066
0.235641	607.041
0.235577	607.006
0.235539	606.988
0.235462	606.953
0.235452	606.948
0.235439	606.939
0.235426	606.936
0.23535	606.913
0.235186	606.864
0.235069	606.813
0.234972	606.729
0.234886	606.654
0.23478	606.58
0.234778	606.579
0.234687	606.531
0.234668	606.519
0.234529	606.474
0.234342	606.413
0.234325	606.402
0.234165	606.229
0.23405	606.104
0.23403	606.091
0.233849	605.95
0.233815	605.922
0.233807	605.915
0.233643	605.765
0.233608	605.733
0.233525	605.691
0.233387	605.623
0.233348	605.583
0.233275	605.528
0.233151	605.371
0.233144	605.362
0.233017	605.259
0.232951	605.179
0.232941	605.166
0.232783	604.925
0.232633	604.708
0.232478	604.485
0.232399	604.392
0.232308	604.297
0.232254	604.179
0.232155	604.014
0.232022	603.793
0.23197	603.717
0.231956	603.691
0.231777	603.405
0.231776	603.403
0.231775	603.401
0.231773	603.397
0.231605	603.142
0.231487	602.936
0.231394	602.741
0.231181	602.229
0.231116	602.055
0.231076	601.958
0.231042	601.87
0.230992	601.738
0.230915	601.576
0.230888	601.518
0.230873	601.48
0.230846	601.427
0.230506	600.468
0.230438	600.275
0.230391	600.117
0.230379	600.076
0.230341	599.973
0.230311	599.878
0.230309	599.872
0.230302	599.852
0.230295	599.832
0.230277	599.785
0.230001	599.015
0.229938	598.84
0.229927	598.793
0.229818	598.294
0.229768	598.004
0.229701	597.61
0.229565	597.036
0.229543	596.958
0.229466	596.684
0.229076	594.862
0.229076	594.858
0.229068	594.816
0.228975	594.342
0.228923	594.02
0.228854	593.636
0.228841	593.562
0.228501	591.694
0.228407	591.204
0.228304	590.659
0.22816	589.686
0.228141	589.569
0.228061	589.081
0.227999	588.54
0.227861	587.322
0.227792	586.745
0.227745	586.389
0.227723	586.204
0.227694	585.972
0.227617	585.47
0.227593	585.318
0.227563	585.093
0.227292	583.091
0.227283	583.038
0.227276	583.032
0.227265	583.055
0.227093	583.404
0.226849	583.424
0.226769	583.711
0.226706	584.668
0.226511	587.654
0.226409	588.962
0.226353	589.763
0.226294	591.149
0.226214	593.287
0.226046	597.838
0.225867	602.68
0.225778	605.283
0.225616	610.768
0.225548	613.382
0.225501	615.021
0.225362	619.904
0.225098	629.645
0.225085	630.102
0.225062	630.979
0.225036	631.755
0.224937	634.731
0.224912	635.464
0.224805	638.472
0.224785	639.041
0.224637	643.612
0.224499	646.606
0.224433	648.011
0.224273	651.57
0.224273	651.576
0.224272	651.581
0.224157	653.395
0.224019	655.34
0.223848	657.813
0.223846	657.844
0.223771	658.541
0.22377	658.547
0.223478	661.244
0.223447	661.525
0.223155	663.219
0.223102	663.523
0.223042	663.867
0.222817	664.963
0.222683	665.405
0.222384	666.303
0.222371	666.342
0.222166	666.672
0.222143	666.709
0.22203	666.946
0.221985	667.041
0.221953	667.114
0.221942	667.13
0.221856	667.257
0.221513	667.76
0.221254	668.071
0.221131	668.2
0.220944	668.324
0.220728	668.449
0.220483	668.611
0.220426	668.649
0.220253	668.744
0.220088	668.809
0.219902	668.883
0.219801	668.917
0.219589	668.969
0.219372	669.024
0.219289	669.045
0.218965	669.123
0.218725	669.154
0.218709	669.156
0.218381	669.2
0.218079	669.226
0.218077	669.226
0.217737	669.258
0.217667	669.262
0.217433	669.271
0.217229	669.28
0.217133	669.284
0.216868	669.293
0.216793	669.295
0.21677	669.295
0.216598	669.296
0.216214	669.299
0.216138	669.299
0.2158	669.301
0.215682	669.299
0.215548	669.296
0.215374	669.291
0.21528	669.289
0.215095	669.285
0.214833	669.279
0.21477	669.277
0.214491	669.267
0.214474	669.267
0.214439	669.265
0.213828	669.238
0.213701	669.232
0.213504	669.222
0.213278	669.208
0.213238	669.206
0.212975	669.191
0.212925	669.188
0.212582	669.165
0.212565	669.163
0.212278	669.14
0.212086	669.125
0.211847	669.103
0.211497	669.072
0.211465	669.068
0.211002	669.024
0.267961	605.996
0.268	606.1
0.26792	605.887
0.267891	605.802
0.267832	605.717
0.267824	605.73
0.267814	605.72
0.267799	605.768
0.267546	606.557
0.267481	606.588
0.267349	606.398
0.267349	606.397
0.267299	606.276
0.267102	606.097
0.267098	606.101
0.266959	606.24
0.266892	606.787
0.266753	606.653
0.266751	606.651
0.266677	606.585
0.266535	606.868
0.266492	606.91
0.266485	606.917
0.266417	606.555
0.266338	605.832
0.266318	605.642
0.266279	605.67
0.266246	605.65
0.266231	605.635
0.266211	605.569
0.266132	605.523
0.266095	605.531
0.265664	605.627
0.265626	605.749
0.265598	605.664
0.265471	605.593
0.26546	605.604
0.265451	605.646
0.265218	606.742
0.2651	607.226
0.265053	607.27
0.264919	606.791
0.264901	606.721
0.264701	605.977
0.264632	605.995
0.264537	606.079
0.264487	606.143
0.264392	606.023
0.264315	605.93
0.26417	605.857
0.264011	605.776
0.26394	605.832
0.26377	607.274
0.263755	607.298
0.263438	606.096
0.26343	606.103
0.263341	606.184
0.263323	606.212
0.263282	606.273
0.263269	606.26
0.263262	606.231
0.263185	605.909
0.262951	607.013
0.262944	607.065
0.262767	607.329
0.262759	607.34
0.262554	606.413
0.262499	606.394
0.262448	606.282
0.262441	606.273
0.262388	606.206
0.262286	606.15
0.262148	606.074
0.262011	605.79
0.261968	605.671
0.261906	605.499
0.261866	605.574
0.26155	606.843
0.261485	607.008
0.261313	606.845
0.261294	606.827
0.261079	606.203
0.260957	605.909
0.260957	605.909
0.260879	605.724
0.260872	605.717
0.260866	605.727
0.260812	605.782
0.260683	606.18
0.260511	606.713
0.260497	606.643
0.260321	606.465
0.260318	606.451
0.260166	605.803
0.260139	605.748
0.26011	605.691
0.259968	605.749
0.259823	606.158
0.259734	606.596
0.259694	606.64
0.259615	606.425
0.259614	606.422
0.259495	606.023
0.259493	606.016
0.259283	605.274
0.259271	605.251
0.259258	605.256
0.259133	605.306
0.258803	605.423
0.258773	605.439
0.258717	605.396
0.258694	605.433
0.258564	605.646
0.258522	605.869
0.25846	606.198
0.258349	606.568
0.25819	606.053
0.258151	605.802
0.258129	605.661
0.258065	605.666
0.25799	605.671
0.257979	605.672
0.257967	605.671
0.257956	605.67
0.257884	605.694
0.257865	605.774
0.257632	605.781
0.257514	605.784
0.257409	605.828
0.257394	605.837
0.257386	605.838
0.257339	605.847
0.257301	605.701
0.257253	605.718
0.257241	605.722
0.257182	605.765
0.256832	606.878
0.2568	606.789
0.25661	606.066
0.256495	605.628
0.256458	605.572
0.256317	605.484
0.256286	605.504
0.256082	606.494
0.255924	607.005
0.255924	607.006
0.255661	606.188
0.255609	606.024
0.255558	605.991
0.25555	605.978
0.255544	605.971
0.255461	605.862
0.255297	606.551
0.255222	606.867
0.255123	607.131
0.255018	607.355
0.255009	607.374
0.254979	607.298
0.254748	606.461
0.254647	606.094
0.2546	605.898
0.254545	606.033
0.254249	607.048
0.254238	607.06
0.254149	606.342
0.254101	605.958
0.254058	605.914
0.253968	605.991
0.253849	606.093
0.253741	606.013
0.253633	606.32
0.253367	606.015
0.253271	605.993
0.253232	605.938
0.25323	605.933
0.253223	605.923
0.253213	605.921
0.253192	606.037
0.253166	605.988
0.253165	605.989
0.253131	606.019
0.252841	606.795
0.252764	606.348
0.252689	605.916
0.252667	605.885
0.25258	605.964
0.252419	606.112
0.252319	606.174
0.252235	606.359
0.251901	606.437
0.2519	606.437
0.251875	606.386
0.251776	606.401
0.251745	606.485
0.251403	606.827
0.251394	606.821
0.251142	606.572
0.250917	606.277
0.25087	606.187
0.250858	606.194
0.250829	606.212
0.250824	606.208
0.250796	606.19
0.250712	606.313
0.250414	606.656
0.250378	606.567
0.250216	606.398
0.25021	606.394
0.250043	606.254
0.250024	606.336
0.25001	606.265
0.249773	606.347
0.249746	606.344
0.249593	606.327
0.24956	606.336
0.249484	606.558
0.249379	606.867
0.249336	606.975
0.249072	606.62
0.248995	606.517
0.248994	606.518
0.248992	606.521
0.248977	606.516
0.248976	606.513
0.248956	606.505
0.248953	606.507
0.248906	606.552
0.248494	606.94
0.248456	606.9
0.248346	606.796
0.248308	606.761
0.24817	606.842
0.248004	606.689
0.247951	606.641
0.247885	606.651
0.247857	606.656
0.247832	606.661
0.247822	606.667
0.247815	606.664
0.247764	606.666
0.247315	606.774
0.247295	606.772
0.24729	606.783
0.247288	606.791
0.24727	606.79
0.247263	606.79
0.247259	606.797
0.247246	606.798
0.247223	606.802
0.24708	606.827
0.246827	606.961
0.24682	606.953
0.246755	606.879
0.246702	606.842
0.246436	606.854
0.246249	606.894
0.246234	606.897
0.246231	606.898
0.246205	606.905
0.246171	606.911
0.246169	606.911
0.246166	606.912
0.246159	606.921
0.245952	607.136
0.245791	607.302
0.245694	607.323
0.245541	607.185
0.245459	607.122
0.245418	607.091
0.24538	607.069
0.245308	607.018
0.245268	607.031
0.245081	607.248
0.245049	607.26
0.244897	607.26
0.244881	607.263
0.244743	607.291
0.24462	607.292
0.244524	607.36
0.244521	607.36
0.244499	607.359
0.244345	607.289
0.244254	607.248
0.244215	607.245
0.244202	607.249
0.244104	607.281
0.243901	607.265
0.243765	607.281
0.243608	607.295
0.243582	607.299
0.243512	607.309
0.243339	607.368
0.243312	607.369
0.243211	607.373
0.243006	607.382
0.242997	607.385
0.242853	607.452
0.242801	607.489
0.242762	607.517
0.242694	607.538
0.242547	607.494
0.242478	607.473
0.242324	607.484
0.242269	607.503
0.242213	607.511
0.24179	607.614
0.210715	668.994
0.211001	669.024
0.210601	668.982
0.210522	668.974
0.210253	668.945
0.210064	668.922
0.209507	668.853
0.209341	668.831
0.209285	668.823
0.209227	668.816
0.209048	668.791
0.208969	668.78
0.208748	668.751
0.208687	668.743
0.208608	668.733
0.208441	668.711
0.20825	668.685
0.208174	668.674
0.20788	668.631
0.207577	668.589
0.207427	668.569
0.207153	668.533
0.207139	668.531
0.20713	668.53
0.207032	668.518
0.206895	668.501
0.20688	668.499
0.206863	668.497
0.206772	668.486
0.206444	668.446
0.206388	668.442
0.206319	668.435
0.206094	668.416
0.205733	668.384
0.205294	668.382
0.205092	668.38
0.204922	668.377
0.204821	668.375
0.204753	668.381
0.20464	668.389
0.204434	668.404
0.204297	668.424
0.203954	668.473
0.203724	668.523
0.203564	668.56
0.203388	668.6
0.203123	668.697
0.203078	668.713
0.203019	668.735
0.202813	668.823
0.202518	668.951
0.202516	668.952
0.202515	668.952
0.202109	669.185
0.20209	669.196
0.202035	669.227
0.201714	669.411
0.201653	669.452
0.201319	669.692
0.201153	669.815
0.200941	669.974
0.200551	670.294
0.200322	670.485
0.200311	670.493
0.200163	670.613
0.200161	670.615
0.200133	670.635
0.199666	670.981
0.19964	671
0.199329	671.221
0.1993	671.241
0.198866	671.517
0.19881	671.554
0.198602	671.677
0.19852	671.725
0.198365	671.798
0.198223	671.864
0.19807	671.935
0.197849	672.038
0.197809	672.057
0.197806	672.058
0.197554	672.145
0.19755	672.146
0.197054	672.318
0.196888	672.36
0.19667	672.414
0.196636	672.423
0.196636	672.423
0.196488	672.459
0.196436	672.47
0.196039	672.553
0.195945	672.567
0.195694	672.605
0.195442	672.644
0.195437	672.645
0.195432	672.646
0.195231	672.672
0.195199	672.677
0.195198	672.677
0.194886	672.708
0.194546	672.747
0.194139	672.776
0.194061	672.782
0.193822	672.798
0.193564	672.815
0.193339	672.826
0.19317	672.835
0.193121	672.837
0.192847	672.849
0.192684	672.856
0.192491	672.864
0.19233	672.869
0.192126	672.875
0.191982	672.88
0.19176	672.887
0.191413	672.895
0.191374	672.896
0.191347	672.896
0.190904	672.905
0.190663	672.91
0.190502	672.913
0.190356	672.915
0.190034	672.92
0.190014	672.92
0.189579	672.926
0.189468	672.927
0.189263	672.929
0.189242	672.93
0.188795	672.934
0.188602	672.936
0.188431	672.937
0.188145	672.94
0.18806	672.94
0.187668	672.943
0.187619	672.943
0.187451	672.944
0.187406	672.945
0.187118	672.946
0.187083	672.946
0.187025	672.947
0.186964	672.947
0.186572	672.949
0.186511	672.949
0.186449	672.95
0.186344	672.95
0.186216	672.951
0.185879	672.952
0.185878	672.952
0.185619	672.953
0.185508	672.954
0.18546	672.954
0.185014	672.955
0.184787	672.956
0.184721	672.956
0.184715	672.956
0.184562	672.957
0.184172	672.958
0.184075	672.958
0.184	672.958
0.18385	672.959
0.183824	672.959
0.183606	672.959
0.183349	672.96
0.183072	672.96
0.182562	672.961
0.182529	672.961
0.182514	672.961
0.182501	672.961
0.182257	672.962
0.181937	672.962
0.181879	672.962
0.181781	672.963
0.181349	672.963
0.181306	672.963
0.181136	672.963
0.181065	672.964
0.180789	672.964
0.180678	672.964
0.180528	672.964
0.180066	672.965
0.179616	672.965
0.179605	672.965
0.17959	672.965
0.179155	672.965
0.179052	672.966
0.17898	672.966
0.178703	672.966
0.178365	672.966
0.17833	672.966
0.178307	672.966
0.178036	672.966
0.178016	672.966
0.177945	672.966
0.177462	672.967
0.177385	672.967
0.177237	672.967
0.177172	672.967
0.17711	672.967
0.177063	672.967
0.176999	672.967
0.176491	672.967
0.17625	672.967
0.176129	672.967
0.175855	672.968
0.175738	672.968
0.175644	672.968
0.17531	672.968
0.175144	672.968
0.175078	672.968
0.174846	672.968
0.174695	672.968
0.174156	672.968
0.17414	672.968
0.173997	672.968
0.173897	672.968
0.173888	672.968
0.173763	672.968
0.173381	672.968
0.173371	672.968
0.173017	672.969
0.172937	672.969
0.172668	672.969
0.172612	672.969
0.172607	672.969
0.172078	672.969
0.171834	672.969
0.171818	672.969
0.171686	672.969
0.171407	672.969
0.170992	672.969
0.170926	672.969
0.170727	672.969
0.17059	672.969
0.170265	672.969
0.170153	672.969
0.169896	672.969
0.169573	672.969
0.169532	672.969
0.169505	672.969
0.169219	672.969
0.169119	672.969
0.169111	672.969
0.169095	672.969
0.168598	672.969
0.168456	672.969
0.168359	672.969
0.167871	672.969
0.167805	672.969
0.16754	672.969
0.167448	672.969
0.167323	672.969
0.16721	672.969
0.166935	672.97
0.166207	672.97
0.166199	672.97
0.166191	672.97
0.166183	672.97
0.166092	672.97
0.166083	672.97
0.166066	672.97
0.166024	672.97
0.165814	672.97
0.165274	672.97
0.165232	672.97
0.165	672.97
0.165	672.97
)
