(title "Static Temperature")
(labels "Position" "Static Temperature")

((xy/key/label "centerline")
0.6	625.255
0.599547	625.363
0.59884	625.536
0.598132	625.711
0.597425	625.877
0.596718	626.046
0.596011	626.222
0.595304	626.384
0.594597	626.552
0.59389	626.72
0.593183	626.89
0.592476	627.058
0.591769	627.233
0.591062	627.392
0.590355	627.555
0.589648	627.735
0.588941	627.907
0.588234	628.078
0.587527	628.247
0.586819	628.412
0.586112	628.583
0.585405	628.756
0.584698	628.934
0.583991	629.096
0.583284	629.27
0.582577	629.447
0.58187	629.627
0.581163	629.796
0.580456	629.967
0.579749	630.14
0.579042	630.311
0.578335	630.49
0.577628	630.67
0.576921	630.844
0.576214	631.019
0.575507	631.194
0.574799	631.383
0.574092	631.562
0.573385	631.741
0.572678	631.916
0.571973	632.109
0.571268	632.272
0.570562	632.428
0.569854	632.55
0.569127	632.627
0.568358	632.697
0.567544	632.796
0.566685	632.966
0.565797	633.264
0.564906	633.62
0.56399	634.139
0.563038	634.765
0.562106	635.519
0.561197	636.225
0.560285	637.008
0.559337	637.986
0.558313	638.964
0.557194	640.294
0.556036	641.931
0.554933	643.267
0.553935	644.548
0.552995	645.83
0.552068	647.153
0.551134	648.313
0.550173	649.692
0.549146	651.296
0.548005	652.761
0.546779	654.271
0.54565	655.728
0.544567	657.055
0.543493	658.367
0.542405	659.611
0.541328	660.707
0.540237	661.767
0.539101	662.752
0.537922	663.793
0.53674	664.743
0.535552	665.565
0.534322	666.362
0.533054	667.113
0.531764	667.794
0.530451	668.406
0.52912	668.974
0.527789	669.458
0.526459	669.899
0.525128	670.268
0.523797	670.579
0.522467	670.85
0.521136	671.133
0.519805	671.361
0.518475	671.555
0.517144	671.726
0.515813	671.87
0.514483	672.002
0.513152	672.112
0.511821	672.21
0.510491	672.303
0.50916	672.375
0.507829	672.433
0.506499	672.5
0.505168	672.549
0.503837	672.592
0.502507	672.637
0.501176	672.673
0.499845	672.701
0.498514	672.728
0.497184	672.753
0.495853	672.776
0.494522	672.794
0.493192	672.811
0.491861	672.827
0.49053	672.841
0.4892	672.854
0.487869	672.864
0.486538	672.875
0.485208	672.883
0.483877	672.891
0.482546	672.898
0.481216	672.904
0.479885	672.911
0.478554	672.916
0.477224	672.921
0.475893	672.925
0.474562	672.929
0.473232	672.932
0.471901	672.935
0.47057	672.939
0.469239	672.941
0.467909	672.944
0.466578	672.946
0.465247	672.948
0.463917	672.95
0.462586	672.952
0.461255	672.953
0.459925	672.954
0.458594	672.956
0.457263	672.957
0.455933	672.958
0.454602	672.959
0.453271	672.96
0.451941	672.961
0.45061	672.961
0.449279	672.962
0.447949	672.963
0.446618	672.963
0.445287	672.964
0.443956	672.964
0.442626	672.964
0.441295	672.965
0.439964	672.965
0.438634	672.965
0.437303	672.966
0.435972	672.966
0.434642	672.966
0.433311	672.966
0.43198	672.966
0.43065	672.967
0.429319	672.967
0.427988	672.967
0.426658	672.967
0.425327	672.967
0.423996	672.967
0.422666	672.967
0.421335	672.967
0.420004	672.967
0.418674	672.967
0.417343	672.967
0.416012	672.967
0.414681	672.967
0.413351	672.967
0.41202	672.967
0.410689	672.967
0.409359	672.967
0.408028	672.967
0.406697	672.967
0.405367	672.967
0.404036	672.967
0.402705	672.967
0.401375	672.967
0.400044	672.967
0.398713	672.967
0.397383	672.967
0.396052	672.968
0.394721	672.968
0.393391	672.968
0.39206	672.968
0.390729	672.968
0.389399	672.968
0.388068	672.968
0.386737	672.968
0.385406	672.968
0.385	672.968
)
