(title "Wall Temperature")
(labels "Position" "Wall Temperature")

((xy/key/label "reducer_fluid")
0.486104	669.372
0.487092	669.315
0.485118	669.426
0.525364	665.931
0.524559	666.06
0.526162	665.805
0.523751	666.181
0.525354	665.935
0.522849	666.31
0.52368	666.189
0.521957	666.434
0.524579	666.056
0.522856	666.308
0.522007	666.431
0.522853	666.309
0.521073	666.554
0.521057	666.555
0.523763	666.18
0.520159	666.673
0.520999	666.56
0.520194	666.672
0.525449	665.923
0.521981	666.433
0.519252	666.787
0.519214	666.79
0.522867	666.309
0.518273	666.904
0.518979	666.823
0.520128	666.679
0.518383	666.897
0.521158	666.548
0.517426	667.006
0.517361	667.009
0.516506	667.111
0.517443	667.003
0.518381	666.902
0.516558	667.099
0.515546	667.213
0.517086	667.043
0.51941	666.778
0.515439	667.221
0.514524	667.32
0.516146	667.142
0.516403	667.12
0.517598	666.995
0.51455	667.309
0.513609	667.414
0.515275	667.236
0.513414	667.434
0.512531	667.52
0.514593	667.315
0.515721	667.201
0.511874	667.584
0.511648	667.605
0.513466	667.43
0.511282	667.64
0.510601	667.703
0.512634	667.513
0.513776	667.402
0.510999	667.666
0.509385	667.799
0.509681	667.782
0.509822	667.769
0.509143	667.828
0.508538	667.879
0.510892	667.674
0.511803	667.592
0.508651	667.87
0.507598	667.953
0.507995	667.919
0.507714	667.95
0.509138	667.824
0.507358	667.971
0.506421	668.046
0.509822	667.764
0.507161	667.991
0.50648	668.042
0.506052	668.079
0.505444	668.121
0.505749	668.111
0.507842	667.93
0.504233	668.222
0.505182	668.148
0.505863	668.088
0.504506	668.197
0.503834	668.246
0.503784	668.26
0.50305	668.306
0.502675	668.335
0.502975	668.316
0.503885	668.239
0.50254	668.344
0.5019	668.389
0.502054	668.379
0.50182	668.392
0.500974	668.453
0.500956	668.453
0.501026	668.451
0.501907	668.388
0.500832	668.466
0.499884	668.525
0.499872	668.526
0.499857	668.525
0.500778	668.471
0.498898	668.596
0.498883	668.595
0.499182	668.574
0.499655	668.542
0.49993	668.528
0.499099	668.576
0.497666	668.67
0.497251	668.703
0.497894	668.657
0.498556	668.615
0.497103	668.713
0.497068	668.713
0.497044	668.714
0.497618	668.672
0.497954	668.663
0.496055	668.776
0.495368	668.818
0.495281	668.824
0.495932	668.78
0.49646	668.75
0.495811	668.793
0.494629	668.872
0.495288	668.826
0.495157	668.835
0.495978	668.794
0.494487	668.874
0.493323	668.946
0.493216	668.954
0.493969	668.903
0.494099	668.896
0.493765	668.919
0.492225	669.014
0.493638	668.928
0.494002	668.905
0.493166	668.957
0.49235	669.005
0.491027	669.091
0.491049	669.084
0.492007	669.025
0.492258	669.009
0.492026	669.019
0.491512	669.056
0.490118	669.142
0.491779	669.038
0.489009	669.209
0.48904	669.203
0.490044	669.145
0.490545	669.107
0.488085	669.259
0.489041	669.208
0.490049	669.148
0.489064	669.203
0.488073	669.258
0.521057	666.555
0.522849	666.31
0.521957	666.434
0.522856	666.308
0.523751	666.181
0.524587	666.053
0.525364	665.931
0.524579	666.056
0.526162	665.804
0.525354	665.935
0.526252	665.794
0.52703	665.666
0.525449	665.923
0.523763	666.18
0.522867	666.309
0.52458	666.055
0.526926	665.671
0.526162	665.805
0.527796	665.532
0.526931	665.673
0.526237	665.795
0.527797	665.527
0.527795	665.531
0.528504	665.401
0.528633	665.381
0.529345	665.253
0.528565	665.392
0.527808	665.528
0.529301	665.246
0.529367	665.246
0.52998	665.124
0.530337	665.052
0.530806	664.971
0.530097	665.107
0.529327	665.251
0.530756	664.963
0.530896	664.953
0.531456	664.837
0.531437	664.829
0.531787	664.766
0.532221	664.684
0.531508	664.826
0.530794	664.968
0.532118	664.707
0.532116	664.711
0.532752	664.567
0.532563	664.599
0.533262	664.453
0.533489	664.408
0.532873	664.539
0.532184	664.683
0.533418	664.444
0.534049	664.279
0.533557	664.383
0.534711	664.122
0.534114	664.259
0.533518	664.395
0.534312	664.219
0.534673	664.156
0.534704	664.129
0.535347	663.979
0.536051	663.804
0.535405	663.956
0.534816	664.101
0.53534	663.982
0.535914	663.825
0.536541	663.68
0.535878	663.843
0.536721	663.634
0.537484	663.443
0.536074	663.794
0.536394	663.713
0.537112	663.53
0.537551	663.425
0.536915	663.582
0.53705	663.554
0.537826	663.352
0.537291	663.486
0.538445	663.176
0.537478	663.434
0.538201	663.244
0.53791	663.326
0.538811	663.074
0.538219	663.244
0.538487	663.176
0.5395	662.882
0.539044	663.007
0.538668	663.112
0.539138	662.977
0.539665	662.841
0.540093	662.708
0.539368	662.918
0.540024	662.735
0.540541	662.573
0.539872	662.767
0.54081	662.507
0.541169	662.388
0.540481	662.587
0.540479	662.587
0.541183	662.393
0.541668	662.242
0.541067	662.414
0.541905	662.151
0.541956	662.14
0.54177	662.19
0.541555	662.259
0.542272	662.05
0.542607	661.941
0.54207	662.094
0.542804	661.866
0.542853	661.852
0.542613	661.929
0.542621	661.931
0.543001	661.813
0.543205	661.73
0.543592	661.572
0.543027	661.792
0.544089	661.472
0.543807	661.531
0.543423	661.666
0.543685	661.589
0.544247	661.38
0.544557	661.271
0.544038	661.455
0.544744	661.195
0.545152	661.095
0.544447	661.318
0.544782	661.203
0.544749	661.23
0.54536	660.991
0.545496	660.949
0.545166	661.074
0.545935	660.786
0.54617	660.724
0.545781	660.846
0.545819	660.875
0.546416	660.609
0.546536	660.57
0.54598	660.781
0.547103	660.359
0.547098	660.383
0.546877	660.466
0.546616	660.572
0.546867	660.506
0.547483	660.219
0.547457	660.238
0.547981	660.044
0.547859	660.095
0.547919	660.084
0.547717	660.157
0.547351	660.317
0.548279	659.938
0.548213	659.966
0.548303	659.924
0.547833	660.148
0.548493	659.862
0.54873	659.769
0.548664	659.808
0.548219	659.993
0.548648	659.815
0.548913	659.697
0.548917	659.702
0.549165	659.6
0.548746	659.791
0.5492	659.596
0.549545	659.455
0.549351	659.552
0.549135	659.633
0.549619	659.445
0.549743	659.382
0.549558	659.462
0.550061	659.264
0.549627	659.439
0.549839	659.356
0.550135	659.234
0.550047	659.305
0.550088	659.266
0.550547	659.1
0.550218	659.196
0.550448	659.118
0.550078	659.268
0.550748	659.01
0.550518	659.09
0.550569	659.092
0.550722	659.022
0.550792	659.024
0.550973	658.92
0.551404	658.76
0.551314	658.806
0.55123	658.832
0.55142	658.741
0.551272	658.834
0.551895	658.567
0.551957	658.544
0.552033	658.553
0.551605	658.708
0.552371	658.391
0.55231	658.406
0.552477	658.372
0.552799	658.235
0.552985	658.184
0.552961	658.197
0.552513	658.37
0.553401	658.026
0.553197	658.082
0.553499	657.972
0.553625	657.943
0.553957	657.81
0.553849	657.866
0.553467	658.021
0.554399	657.644
0.554095	657.752
0.55423	657.723
0.554373	657.646
0.554918	657.454
0.554709	657.577
0.554436	657.689
0.555034	657.398
0.555483	657.246
0.554963	657.449
0.555415	657.264
0.555948	657.064
0.555422	657.302
0.555429	657.324
0.556025	657.049
0.556443	656.884
0.555994	657.091
0.556515	656.861
0.557017	656.685
0.556175	657.058
0.557016	656.695
0.557493	656.534
0.556935	656.755
0.556435	656.932
0.557771	656.467
0.558097	656.35
0.558	656.378
0.558546	656.217
0.558071	656.408
0.557431	656.582
0.558614	656.23
0.55908	656.079
0.558776	656.217
0.558972	656.084
0.559628	655.906
0.559065	656.132
0.558417	656.302
0.559383	656.011
0.55991	655.834
0.559675	655.943
0.559905	655.825
0.560492	655.671
0.55993	655.862
0.55936	656.022
0.560301	655.731
0.560393	655.706
0.560769	655.596
0.560485	655.68
0.56079	655.602
0.561325	655.442
0.561091	655.507
0.560634	655.642
0.560185	655.767
0.560924	655.563
0.561106	655.503
0.561557	655.379
0.561026	655.534
0.561228	655.48
0.561625	655.376
0.562051	655.256
0.561829	655.317
0.561304	655.459
0.560915	655.559
0.561499	655.404
0.561859	655.307
0.562341	655.19
0.561511	655.401
0.56196	655.285
0.562426	655.182
0.562692	655.11
0.562397	655.182
0.561988	655.271
0.561581	655.377
0.56198	655.279
0.562249	655.212
0.562941	655.061
0.562332	655.198
0.562631	655.126
0.562985	655.05
0.5634	654.959
0.562424	655.167
0.562198	655.217
0.562399	655.187
0.563234	654.992
0.563085	655.029
0.563353	654.973
0.562605	655.126
0.562725	655.109
0.56373	654.889
0.563876	654.871
0.562862	655.071
0.562795	655.098
0.56282	655.083
0.564057	654.822
0.563118	655.025
0.563501	654.946
0.564224	654.796
0.563171	655.01
0.564553	654.732
0.564473	654.749
0.563973	654.855
0.563174	655.013
0.563455	654.958
0.56491	654.674
0.563552	654.938
0.565117	654.623
0.56363	654.924
0.563685	654.914
0.565264	654.615
0.565265	654.614
0.564529	654.75
0.564077	654.829
0.564146	654.833
0.565787	654.543
0.565958	654.513
0.566107	654.509
0.564202	654.793
0.566262	654.536
0.564856	654.666
0.564939	654.653
0.566531	654.466
0.566942	654.41
0.56561	654.598
0.567001	654.431
0.566678	654.474
0.566498	654.532
0.567169	654.441
0.56726	654.377
0.567752	654.331
0.565802	654.611
0.567801	654.351
0.567869	654.307
0.56752	654.369
0.567273	654.43
0.566671	654.499
0.567942	654.359
0.568113	654.311
0.568448	654.274
0.568368	654.269
0.568558	654.288
0.568782	654.248
0.568269	654.315
0.568047	654.351
0.567499	654.398
0.568652	654.295
0.568757	654.274
0.569244	654.236
0.568987	654.233
0.569181	654.25
0.569181	654.248
0.568916	654.271
0.569446	654.228
0.568718	654.301
0.568255	654.335
0.569298	654.257
0.5694	654.234
0.569554	654.227
0.569649	654.242
0.569632	654.249
0.569612	654.254
0.569485	654.251
0.569673	654.239
0.57	652.713
0.57	652.605
0.569172	654.277
0.568908	654.294
0.57	652.768
0.57	652.612
0.57	652.771
0.57	652.83
0.569552	654.271
0.57	652.864
0.57	652.802
0.569481	654.276
0.57	652.761
0.57	652.775
0.520128	666.679
0.51941	666.778
0.521158	666.548
0.521981	666.433
0.421984	671.575
0.421593	671.578
0.421637	671.578
0.420968	671.583
0.420941	671.583
0.420636	671.585
0.49235	669.005
0.491027	669.091
0.490096	669.141
0.488081	669.261
0.48904	669.203
0.490044	669.145
0.491512	669.056
0.489041	669.208
0.487047	669.318
0.488085	669.259
0.489062	669.2
0.488132	669.256
0.486117	669.372
0.486034	669.371
0.490051	669.145
0.487256	669.306
0.489009	669.209
0.487966	669.268
0.485069	669.428
0.487205	669.307
0.491779	669.038
0.488078	669.259
0.487092	669.315
0.486159	669.366
0.493166	668.957
0.484152	669.48
0.485461	669.403
0.484161	669.477
0.490545	669.107
0.489064	669.203
0.485416	669.404
0.486676	669.337
0.483163	669.534
0.492258	669.009
0.486104	669.372
0.487088	669.315
0.485118	669.426
0.484134	669.478
0.482186	669.587
0.483151	669.525
0.482174	669.587
0.488073	669.258
0.481197	669.64
0.484853	669.444
0.486095	669.372
0.483146	669.542
0.482162	669.591
0.48022	669.692
0.481185	669.643
0.480208	669.695
0.484175	669.482
0.47923	669.744
0.482802	669.554
0.484117	669.487
0.4825	669.571
0.480785	669.663
0.480025	669.704
0.478252	669.795
0.478724	669.774
0.478192	669.802
0.482962	669.544
0.481138	669.645
0.477204	669.849
0.481104	669.644
0.481059	669.646
0.482138	669.591
0.478759	669.768
0.479471	669.729
0.47771	669.824
0.476283	669.897
0.4766	669.883
0.475999	669.911
0.479587	669.725
0.476397	669.894
0.475177	669.951
0.479772	669.717
0.480158	669.7
0.476629	669.879
0.477831	669.817
0.475421	669.939
0.474313	669.995
0.475045	669.958
0.47471	669.975
0.474026	670.007
0.478639	669.775
0.478071	669.802
0.474027	670.009
0.473206	670.048
0.478176	669.806
0.475415	669.942
0.474319	669.993
0.475989	669.909
0.473604	670.029
0.472341	670.091
0.473448	670.035
0.473239	670.046
0.472136	670.095
0.476593	669.88
0.476959	669.861
0.471861	670.112
0.471211	670.143
0.471898	670.111
0.476194	669.9
0.473067	670.056
0.473944	670.014
0.471853	670.11
0.474489	669.988
0.470368	670.187
0.471846	670.112
0.470213	670.189
0.475339	669.942
0.469935	670.207
0.469816	670.21
0.468948	670.252
0.470485	670.178
0.47421	669.995
0.471289	670.14
0.471856	670.112
0.472608	670.08
0.473651	670.03
0.469496	670.223
0.468407	670.282
0.468152	670.289
0.472782	670.07
0.467686	670.308
0.468038	670.295
0.46875	670.257
0.46695	670.34
0.467327	670.325
0.472224	670.103
0.470134	670.193
0.470797	670.165
0.471176	670.145
0.471761	670.12
0.46726	670.328
0.467758	670.307
0.466472	670.367
0.466861	670.348
0.466302	670.369
0.468449	670.27
0.465652	670.396
0.465658	670.399
0.466554	670.359
0.46602	670.381
0.465102	670.418
0.470023	670.201
0.469425	670.228
0.469475	670.225
0.469663	670.216
0.465132	670.421
0.466607	670.353
0.466261	670.373
0.464561	670.45
0.465169	670.419
0.464528	670.445
0.470237	670.191
0.468244	670.28
0.464261	670.458
0.46489	670.428
0.463772	670.48
0.464886	670.43
0.463292	670.497
0.467712	670.308
0.468265	670.272
0.467661	670.309
0.463611	670.484
0.464825	670.438
0.462764	670.524
0.462673	670.53
0.463583	670.487
0.462738	670.523
0.463037	670.511
0.465668	670.4
0.462016	670.556
0.462315	670.539
0.461519	670.574
0.466103	670.378
0.466318	670.367
0.461543	670.574
0.463293	670.501
0.464307	670.459
0.460763	670.607
0.460806	670.606
0.461504	670.574
0.465332	670.412
0.461286	670.587
0.46058	670.614
0.461602	670.574
0.464322	670.457
0.46048	670.62
0.46071	670.608
0.460419	670.618
0.459745	670.648
0.464396	670.454
0.460238	670.628
0.45946	670.658
0.462915	670.516
0.45912	670.672
0.459492	670.657
0.458959	670.68
0.459459	670.658
0.463415	670.496
0.459849	670.643
0.458749	670.685
0.459748	670.647
0.461293	670.584
0.462644	670.529
0.458661	670.691
0.458278	670.706
0.457831	670.723
0.462497	670.536
0.458478	670.697
0.457335	670.741
0.459869	670.644
0.45715	670.752
0.457963	670.717
0.458583	670.693
0.457131	670.751
0.457368	670.736
0.461224	670.586
0.458291	670.705
0.459767	670.645
0.456673	670.767
0.456802	670.762
0.456214	670.785
0.456296	670.781
0.460619	670.619
0.45711	670.749
0.45643	670.778
0.455753	670.801
0.458268	670.705
0.456099	670.788
0.455492	670.814
0.45532	670.818
0.458789	670.684
0.455322	670.819
0.456081	670.789
0.455087	670.829
0.454255	670.858
0.455281	670.818
0.454356	670.852
0.45445	670.848
0.458761	670.695
0.455283	670.819
0.454457	670.85
0.453881	670.87
0.456877	670.76
0.454271	670.856
0.453613	670.88
0.453525	670.884
0.45743	670.739
0.453282	670.892
0.45478	670.836
0.453622	670.881
0.453139	670.897
0.45234	670.924
0.453383	670.887
0.452497	670.919
0.452489	670.918
0.456923	670.761
0.453454	670.885
0.452644	670.915
0.451897	670.939
0.455883	670.797
0.451956	670.938
0.452572	670.918
0.451726	670.944
0.451745	670.946
0.451478	670.954
0.454387	670.852
0.452935	670.904
0.451534	670.955
0.451535	670.954
0.450453	670.988
0.451193	670.964
0.45081	670.978
0.450349	670.992
0.455101	670.826
0.451812	670.944
0.450789	670.977
0.450469	670.988
0.449508	671.02
0.450872	670.975
0.450528	670.987
0.449978	671.004
0.449754	671.011
0.453296	670.887
0.450726	670.981
0.449571	671.022
0.449885	671.007
0.449086	671.032
0.448382	671.056
0.449147	671.031
0.449767	671.012
0.449122	671.032
0.449117	671.033
0.450226	670.999
0.448811	671.042
0.451505	670.951
0.447859	671.072
0.449334	671.026
0.447264	671.091
0.448281	671.059
0.448226	671.06
0.447941	671.07
0.448933	671.037
0.449737	671.012
0.447123	671.093
0.448425	671.055
0.447553	671.082
0.446455	671.115
0.4474	671.087
0.448266	671.059
0.447372	671.087
0.447097	671.095
0.448717	671.045
0.446765	671.106
0.446049	671.126
0.447853	671.072
0.445311	671.148
0.446246	671.121
0.446486	671.114
0.447344	671.088
0.445913	671.131
0.448003	671.075
0.445231	671.15
0.446979	671.1
0.445972	671.13
0.444573	671.17
0.445364	671.146
0.446519	671.113
0.445584	671.14
0.445061	671.156
0.44561	671.139
0.444751	671.163
0.446126	671.124
0.44441	671.175
0.446361	671.118
0.443544	671.198
0.444061	671.185
0.444756	671.164
0.443892	671.188
0.446291	671.121
0.44357	671.198
0.444591	671.165
0.445547	671.143
0.444764	671.165
0.442677	671.223
0.443628	671.197
0.444683	671.167
0.44386	671.189
0.443032	671.212
0.444225	671.182
0.444899	671.161
0.44262	671.224
0.442735	671.22
0.443413	671.202
0.441928	671.242
0.442701	671.222
0.443036	671.212
0.442173	671.236
0.442188	671.236
0.442075	671.239
0.442902	671.217
0.444156	671.182
0.441033	671.266
0.441487	671.254
0.442914	671.215
0.44189	671.241
0.442177	671.235
0.441329	671.257
0.44346	671.202
0.442718	671.221
0.441236	671.261
0.441247	671.26
0.442659	671.224
0.440293	671.284
0.44108	671.26
0.441325	671.256
0.440271	671.282
0.441341	671.257
0.440484	671.279
0.440587	671.277
0.440433	671.28
0.441223	671.26
0.439358	671.307
0.439759	671.297
0.441051	671.266
0.441452	671.253
0.439779	671.291
0.440588	671.275
0.439426	671.303
0.441933	671.242
0.439618	671.299
0.439507	671.302
0.438676	671.322
0.439736	671.297
0.439625	671.298
0.438368	671.329
0.439588	671.301
0.440281	671.283
0.438651	671.322
0.438751	671.32
0.438792	671.319
0.439552	671.301
0.43777	671.343
0.43817	671.334
0.438289	671.331
0.439564	671.301
0.438863	671.318
0.437963	671.337
0.437853	671.34
0.437971	671.337
0.437449	671.349
0.438242	671.332
0.437668	671.344
0.437938	671.338
0.436816	671.364
0.437894	671.34
0.438414	671.328
0.436793	671.363
0.437078	671.357
0.437157	671.356
0.437887	671.339
0.436389	671.373
0.436495	671.371
0.436874	671.363
0.436947	671.361
0.436534	671.37
0.436968	671.359
0.43608	671.379
0.436424	671.372
0.436783	671.364
0.435954	671.382
0.436269	671.375
0.435133	671.398
0.435182	671.397
0.436754	671.365
0.436474	671.37
0.435121	671.398
0.435454	671.391
0.435522	671.391
0.436229	671.375
0.435195	671.397
0.43534	671.394
0.435132	671.398
0.435651	671.387
0.435378	671.392
0.434622	671.407
0.435241	671.395
0.434176	671.416
0.434584	671.409
0.434629	671.408
0.435319	671.394
0.434054	671.418
0.434616	671.409
0.433292	671.433
0.433604	671.427
0.433702	671.424
0.435313	671.394
0.434069	671.419
0.433768	671.424
0.434576	671.408
0.43425	671.414
0.433372	671.43
0.433973	671.421
0.433907	671.422
0.43379	671.423
0.432685	671.443
0.433575	671.428
0.432598	671.446
0.432714	671.443
0.432743	671.442
0.433063	671.438
0.433909	671.421
0.432259	671.45
0.432973	671.439
0.431766	671.459
0.432023	671.455
0.432285	671.45
0.432628	671.445
0.432012	671.455
0.432927	671.439
0.432292	671.449
0.431914	671.457
0.432387	671.449
0.432982	671.439
0.432328	671.449
0.43068	671.475
0.432105	671.453
0.431212	671.468
0.430948	671.472
0.431299	671.467
0.430919	671.473
0.431545	671.464
0.431581	671.462
0.430451	671.479
0.431338	671.466
0.430502	671.479
0.430754	671.476
0.43104	671.471
0.430156	671.484
0.431282	671.468
0.430431	671.482
0.430589	671.479
0.430719	671.476
0.43071	671.476
0.428728	671.505
0.429206	671.499
0.429781	671.491
0.430036	671.487
0.429311	671.498
0.430161	671.485
0.430051	671.487
0.42932	671.497
0.43006	671.487
0.428592	671.507
0.429709	671.492
0.429233	671.499
0.429073	671.501
0.428575	671.507
0.429642	671.493
0.428945	671.503
0.429402	671.497
0.429478	671.495
0.428986	671.503
0.427916	671.516
0.427731	671.518
0.428191	671.512
0.428389	671.51
0.428787	671.505
0.429052	671.501
0.4282	671.512
0.428584	671.508
0.427889	671.516
0.42894	671.503
0.428746	671.505
0.42724	671.525
0.427206	671.524
0.428131	671.514
0.427504	671.521
0.428035	671.516
0.427774	671.518
0.427268	671.524
0.42806	671.515
0.427988	671.516
0.427933	671.516
0.428269	671.512
0.428501	671.509
0.42783	671.517
0.42692	671.528
0.427094	671.526
0.426732	671.531
0.427365	671.523
0.427208	671.525
0.427967	671.516
0.427115	671.526
0.427444	671.522
0.427863	671.517
0.427152	671.526
0.426789	671.53
0.427563	671.521
0.427584	671.52
0.427523	671.521
0.426171	671.537
0.426241	671.536
0.425978	671.539
0.426723	671.531
0.426209	671.536
0.426687	671.531
0.426208	671.537
0.426513	671.533
0.426855	671.529
0.42593	671.539
0.426653	671.531
0.426912	671.529
0.426855	671.529
0.427133	671.526
0.427403	671.523
0.426557	671.533
0.426127	671.537
0.425854	671.541
0.426572	671.532
0.426362	671.535
0.425986	671.539
0.426	671.539
0.426615	671.532
0.425931	671.539
0.426622	671.532
0.42658	671.533
0.425289	671.546
0.425204	671.547
0.425085	671.548
0.425472	671.544
0.425329	671.546
0.425146	671.548
0.426097	671.538
0.425603	671.543
0.425288	671.546
0.425304	671.546
0.425756	671.542
0.425989	671.539
0.424944	671.55
0.425406	671.545
0.42592	671.539
0.425998	671.539
0.426127	671.537
0.426361	671.535
0.425757	671.542
0.424966	671.549
0.424866	671.551
0.42576	671.541
0.42525	671.547
0.424871	671.551
0.425679	671.543
0.425213	671.547
0.424734	671.552
0.425197	671.548
0.425817	671.541
0.424551	671.553
0.424469	671.554
0.42433	671.555
0.424487	671.554
0.424243	671.556
0.424346	671.555
0.42465	671.553
0.424522	671.554
0.425228	671.547
0.424827	671.551
0.42464	671.553
0.424734	671.552
0.42433	671.556
0.424573	671.554
0.424562	671.554
0.423977	671.559
0.424287	671.556
0.425153	671.548
0.42537	671.546
0.425314	671.546
0.425057	671.549
0.424116	671.558
0.423733	671.561
0.424265	671.556
0.425071	671.549
0.424504	671.554
0.424062	671.558
0.424027	671.558
0.42375	671.561
0.424577	671.554
0.423821	671.56
0.424018	671.558
0.423831	671.56
0.423465	671.563
0.423827	671.56
0.42343	671.563
0.42333	671.564
0.423805	671.56
0.423986	671.559
0.424517	671.554
0.424072	671.558
0.424051	671.558
0.423686	671.562
0.423581	671.562
0.424222	671.557
0.423321	671.565
0.423116	671.566
0.424613	671.554
0.424543	671.554
0.424746	671.552
0.423305	671.565
0.423032	671.567
0.422903	671.568
0.423482	671.563
0.423921	671.56
0.42401	671.559
0.423596	671.562
0.42348	671.563
0.423376	671.564
0.422788	671.569
0.424013	671.559
0.424405	671.555
0.423473	671.563
0.422876	671.568
0.423108	671.566
0.422638	671.57
0.422416	671.572
0.423214	671.565
0.423365	671.564
0.423471	671.563
0.423831	671.561
0.423492	671.563
0.423453	671.564
0.423028	671.567
0.423044	671.567
0.422912	671.568
0.42364	671.562
0.422315	671.573
0.424114	671.558
0.423937	671.559
0.424557	671.554
0.422754	671.569
0.422391	671.572
0.422061	671.574
0.422995	671.567
0.422853	671.568
0.423458	671.563
0.423296	671.565
0.423426	671.564
0.422766	671.569
0.422939	671.568
0.422989	671.567
0.423766	671.561
0.423388	671.564
0.423772	671.561
0.422524	671.571
0.421961	671.575
0.421565	671.578
0.422757	671.569
0.422972	671.568
0.423283	671.565
0.423169	671.566
0.422932	671.568
0.423028	671.567
0.422534	671.571
0.422501	671.571
0.422525	671.571
0.422593	671.571
0.423567	671.563
0.423254	671.565
0.422204	671.573
0.422089	671.574
0.421694	671.577
0.421176	671.581
0.422467	671.571
0.422239	671.573
0.422989	671.567
0.422834	671.569
0.422857	671.568
0.422392	671.572
0.422449	671.572
0.423108	671.567
0.422756	671.569
0.422344	671.572
0.421438	671.579
0.421477	671.579
0.420765	671.584
0.422617	671.57
0.422183	671.574
0.422429	671.572
0.422784	671.569
0.422579	671.571
0.422032	671.575
0.422067	671.575
0.422194	671.574
0.422683	671.57
0.421749	671.577
0.421064	671.582
0.420526	671.587
0.421999	671.575
0.422107	671.574
0.422651	671.57
0.422383	671.572
0.422239	671.573
0.421954	671.575
0.421975	671.575
0.422536	671.571
0.42226	671.573
0.422354	671.572
0.422283	671.573
0.420555	671.586
0.420989	671.582
0.421347	671.58
0.42	672.27
0.422456	671.572
0.421741	671.577
0.421687	671.578
0.421788	671.577
0.42222	671.573
0.422762	671.569
0.421881	671.576
0.420523	671.586
0.420918	671.583
0.42	672.258
0.422187	671.574
0.422135	671.574
0.421859	671.576
0.421741	671.577
0.421605	671.578
0.421602	671.578
0.421575	671.578
0.422105	671.574
0.421887	671.576
0.421943	671.575
0.42	672.274
0.421968	671.575
0.421991	671.575
0.421523	671.579
0.421846	671.576
0.421782	671.577
0.421773	671.577
0.421411	671.58
0.42156	671.579
0.421336	671.58
0.42171	671.577
0.421521	671.579
0.421588	671.578
0.421904	671.576
0.421536	671.579
0.421058	671.582
0.421271	671.581
0.421493	671.579
0.421368	671.58
0.421256	671.581
0.42102	671.583
0.421034	671.582
0.421323	671.58
0.421175	671.581
0.420793	671.584
0.420801	671.584
0.421077	671.582
0.421185	671.581
0.420733	671.585
0.420791	671.584
0.420791	671.584
0.420538	671.587
0.420524	671.587
0.420614	671.586
0.420883	671.584
0.42052	671.587
0.420283	671.589
0.420509	671.587
0.420277	671.589
0.420249	671.589
0.420264	671.589
0.42	672.218
0.420409	671.588
0.42	672.215
0.420222	671.59
0.42	672.212
0.42021	671.59
0.42	672.192
0.42	672.185
0.420347	671.588
0.420035	671.593
0.420023	671.593
0.420047	671.593
0.420018	671.594
0.42002	671.594
0.42	671.829
0.42	671.827
0.420897	671.583
0.420708	671.585
0.420615	671.586
0.420527	671.586
0.42069	671.585
0.420656	671.585
0.420466	671.587
0.420478	671.587
0.420565	671.586
0.42076	671.585
0.42	672.322
0.42	672.419
0.420577	671.586
0.42	672.31
0.420623	671.586
0.42	672.318
0.421174	671.581
0.420491	671.587
0.42	672.248
0.421138	671.581
0.421547	671.578
0.421022	671.582
0.420287	671.589
0.421846	671.576
0.421151	671.581
0.420977	671.583
0.42	672.225
0.420609	671.586
0.421658	671.578
0.422382	671.572
0.421491	671.579
0.421436	671.579
0.420333	671.588
0.422315	671.573
0.422788	671.569
0.420964	671.583
0.42131	671.58
0.42	672.207
0.420632	671.585
0.42	672.225
0.420354	671.588
0.42	672.215
0.42	672.224
0.420246	671.589
0.421901	671.576
0.423281	671.565
0.421726	671.577
0.42022	671.59
0.42	672.151
0.420485	671.587
0.420224	671.59
0.42	672.196
0.420259	671.589
0.42	672.218
0.42	672.252
0.420336	671.589
0.422529	671.571
0.42375	671.561
0.421391	671.579
0.420778	671.584
0.421967	671.575
0.420168	671.59
0.420245	671.59
0.420249	671.589
0.420457	671.587
0.420536	671.586
0.423116	671.566
0.424287	671.556
0.421117	671.582
0.421827	671.576
0.422235	671.573
0.42	672.138
0.42036	671.588
0.420608	671.586
0.42	672.176
0.420535	671.586
0.42	672.2
0.42048	671.587
0.420622	671.586
0.420717	671.585
0.420692	671.585
0.423321	671.565
0.421481	671.579
0.420895	671.583
0.420157	671.59
0.420281	671.589
0.420147	671.591
0.42	672.117
0.420469	671.587
0.420197	671.59
0.420448	671.587
0.420742	671.585
0.42087	671.584
0.42	672.154
0.422753	671.569
0.421192	671.581
0.421901	671.576
0.42231	671.573
0.42	672.144
0.42042	671.587
0.420759	671.584
0.420136	671.591
0.42	672.102
0.420316	671.589
0.420715	671.585
0.420718	671.585
0.420855	671.584
0.421092	671.582
0.421019	671.582
0.420159	671.591
0.42	672.175
0.42	672.222
0.420287	671.589
0.42	672.236
0.42	672.196
0.420262	671.589
0.420302	671.589
0.42	672.254
0.420298	671.589
0.42	672.198
0.423376	671.564
0.421563	671.578
0.420955	671.583
0.420168	671.59
0.42	672.102
0.420302	671.589
0.420559	671.586
0.420283	671.589
0.420119	671.591
0.420888	671.584
0.420615	671.586
0.420435	671.587
0.420327	671.588
0.421	671.583
0.42064	671.586
0.421091	671.582
0.421216	671.581
0.420134	671.591
0.420213	671.59
0.420181	671.59
0.42	672.155
0.422744	671.569
0.421315	671.58
0.421099	671.582
0.422306	671.573
0.42194	671.576
0.420102	671.591
0.420429	671.587
0.420858	671.584
0.420671	671.585
0.42025	671.589
0.42	672.062
0.420811	671.584
0.420967	671.583
0.42049	671.587
0.421007	671.583
0.420832	671.584
0.421532	671.579
0.421292	671.58
0.420264	671.589
0.42	672.104
0.42	672.172
0.42054	671.586
0.420615	671.586
0.420491	671.587
0.420586	671.586
0.420196	671.59
0.42	672.113
0.42038	671.588
0.42	672.233
0.420304	671.589
0.42	672.219
0.42	672.211
0.420343	671.588
0.42	672.172
0.420227	671.59
0.42	672.187
0.420226	671.59
0.42	672.19
0.420258	671.589
0.423057	671.567
0.421549	671.578
0.420346	671.588
0.42	672.043
0.420244	671.589
0.420512	671.587
0.420399	671.588
0.420096	671.592
0.420218	671.59
0.42117	671.581
0.420721	671.585
0.42054	671.586
0.420413	671.588
0.421343	671.58
0.420588	671.586
0.420767	671.584
0.421361	671.58
0.421519	671.579
0.420237	671.589
0.420129	671.591
0.420182	671.59
0.420427	671.587
0.420594	671.586
0.420219	671.59
0.420232	671.59
0.42	672.166
0.420384	671.588
0.420179	671.59
0.42	672.146
0.42	672.192
0.42021	671.59
0.42	672.165
0.420168	671.59
0.42	672.098
0.42	672.195
0.420222	671.59
0.42	672.185
0.42	672.122
0.420252	671.59
0.42	672.061
0.420113	671.591
0.423435	671.564
0.422656	671.57
0.42124	671.581
0.421039	671.582
0.422299	671.573
0.421741	671.577
0.420084	671.592
0.420176	671.59
0.420678	671.585
0.420346	671.588
0.42	672.054
0.421424	671.579
0.420908	671.583
0.421004	671.583
0.421178	671.581
0.4212	671.581
0.42098	671.583
0.421693	671.577
0.421866	671.576
0.421681	671.578
0.42035	671.588
0.42	672.039
0.42	672.141
0.420802	671.584
0.420785	671.584
0.420829	671.584
0.420685	671.585
0.420859	671.584
0.420143	671.591
0.42	672.096
0.420352	671.588
0.420533	671.587
0.420165	671.59
0.420636	671.585
0.42056	671.586
0.420496	671.587
0.420414	671.587
0.420549	671.586
0.420149	671.591
0.42	672.114
0.4201	671.592
0.420231	671.59
0.420098	671.592
0.42399	671.559
0.423005	671.567
0.421418	671.579
0.420838	671.584
0.422038	671.575
0.420392	671.588
0.42	672.005
0.42028	671.589
0.420532	671.586
0.420458	671.587
0.420105	671.592
0.420347	671.588
0.421447	671.579
0.420783	671.584
0.420612	671.586
0.420504	671.587
0.421454	671.579
0.420655	671.585
0.420882	671.583
0.421976	671.575
0.421611	671.578
0.420228	671.59
0.420315	671.589
0.420069	671.592
0.42	672.072
0.42012	671.591
0.420138	671.591
0.420316	671.589
0.420956	671.583
0.420638	671.586
0.420815	671.584
0.420113	671.591
0.420367	671.588
0.420258	671.589
0.42	672.161
0.420361	671.588
0.420732	671.585
0.420688	671.585
0.420327	671.588
0.42	672.056
0.420347	671.588
0.420212	671.59
0.42	672.096
0.420509	671.587
0.420448	671.587
0.420222	671.59
0.424027	671.558
0.423908	671.56
0.423276	671.565
0.422689	671.57
0.421165	671.581
0.420983	671.583
0.422289	671.573
0.421591	671.578
0.421888	671.576
0.420063	671.592
0.420168	671.59
0.420655	671.585
0.42	672.06
0.420202	671.59
0.421741	671.577
0.420966	671.583
0.421157	671.582
0.421487	671.579
0.421103	671.582
0.421308	671.58
0.421989	671.575
0.422267	671.573
0.422124	671.574
0.421963	671.575
0.420416	671.588
0.420124	671.591
0.42	672.037
0.420087	671.592
0.42	672.096
0.420492	671.587
0.420955	671.583
0.421035	671.582
0.421145	671.582
0.42112	671.582
0.42	672.062
0.420224	671.59
0.420688	671.585
0.42	672.237
0.420339	671.588
0.42	672.259
0.420406	671.588
0.42	672.277
0.420473	671.587
0.42	672.28
0.420199	671.59
0.420968	671.583
0.420941	671.583
0.42056	671.586
0.420907	671.583
0.42	672.157
0.420653	671.585
0.42052	671.587
0.420802	671.584
0.420266	671.589
0.420106	671.591
0.42032	671.589
0.420149	671.591
0.420402	671.588
0.424562	671.554
0.424585	671.553
0.4213	671.58
0.420808	671.584
0.420392	671.588
0.42	672.013
0.420266	671.589
0.420504	671.587
0.420465	671.587
0.420105	671.592
0.42028	671.589
0.421793	671.577
0.420692	671.585
0.420815	671.584
0.421337	671.58
0.420523	671.587
0.421519	671.579
0.421748	671.577
0.42077	671.584
0.420992	671.583
0.422393	671.572
0.420329	671.588
0.420219	671.59
0.42011	671.591
0.42	672.037
0.42	672.025
0.420178	671.59
0.420099	671.592
0.420224	671.59
0.42045	671.587
0.421106	671.582
0.421275	671.581
0.420829	671.584
0.420558	671.586
0.421088	671.582
0.420093	671.592
0.420189	671.59
0.42049	671.587
0.420335	671.588
0.420868	671.584
0.420278	671.589
0.420523	671.586
0.420154	671.59
0.42	672.149
0.420403	671.588
0.421041	671.582
0.420778	671.584
0.42093	671.583
0.420408	671.588
0.42	672.057
0.420451	671.587
0.420381	671.588
0.420174	671.59
0.42	672.112
0.420713	671.585
0.42058	671.586
0.420336	671.589
0.423665	671.562
0.424445	671.555
0.422945	671.568
0.422508	671.571
0.421076	671.582
0.420882	671.583
0.422145	671.574
0.421649	671.578
0.421472	671.579
0.420084	671.592
0.420163	671.59
0.420714	671.585
0.420556	671.586
0.420373	671.588
0.42	672.019
0.420164	671.591
0.42056	671.586
0.422101	671.574
0.421157	671.581
0.420974	671.583
0.421358	671.58
0.421558	671.578
0.421796	671.577
0.420586	671.586
0.421257	671.581
0.422645	671.57
0.422667	671.57
0.422453	671.571
0.422152	671.574
0.420455	671.587
0.420175	671.59
0.420066	671.592
0.420081	671.592
0.420161	671.591
0.42	672.097
0.420358	671.588
0.421292	671.58
0.421414	671.58
0.421367	671.58
0.421495	671.579
0.420676	671.585
0.421043	671.582
0.421416	671.579
0.42	672.044
0.420266	671.589
0.420769	671.584
0.420587	671.586
0.42	672.204
0.420621	671.585
0.420657	671.585
0.420918	671.583
0.42	672.274
0.420989	671.582
0.420175	671.59
0.420294	671.589
0.421293	671.58
0.421072	671.582
0.420615	671.586
0.421283	671.58
0.421206	671.581
0.420904	671.583
0.420704	671.585
0.420569	671.586
0.421111	671.582
0.420356	671.588
0.42025	671.589
0.420095	671.592
0.420496	671.587
0.420287	671.589
0.420118	671.591
0.420883	671.584
0.420567	671.586
0.420238	671.59
0.425213	671.547
0.425176	671.548
0.421103	671.582
0.421763	671.577
0.421305	671.58
0.420368	671.588
0.42	671.998
0.420252	671.589
0.420609	671.586
0.420444	671.587
0.420441	671.587
0.420063	671.592
0.420224	671.59
0.420323	671.589
0.422142	671.574
0.420657	671.586
0.420801	671.584
0.421814	671.576
0.421528	671.579
0.420894	671.583
0.420649	671.585
0.421067	671.582
0.422511	671.571
0.422956	671.568
0.420292	671.589
0.420416	671.588
0.420132	671.591
0.42	671.993
0.42	672.022
0.42009	671.592
0.420198	671.59
0.420541	671.586
0.421333	671.58
0.421581	671.578
0.420819	671.584
0.421308	671.58
0.421012	671.582
0.420084	671.592
0.420158	671.591
0.420417	671.588
0.42021	671.59
0.420454	671.587
0.42	672.123
0.420275	671.589
0.42042	671.588
0.42129	671.58
0.420897	671.583
0.421267	671.58
0.420471	671.587
0.42	672.016
0.420409	671.588
0.420604	671.586
0.420535	671.586
0.420444	671.587
0.42018	671.59
0.420241	671.589
0.42	672.069
0.42097	671.583
0.420791	671.584
0.420781	671.585
0.420456	671.587
0.420337	671.589
0.423446	671.564
0.424051	671.558
0.424891	671.55
0.422533	671.571
0.420914	671.583
0.420742	671.585
0.421489	671.579
0.420063	671.592
0.420147	671.591
0.420615	671.586
0.420504	671.587
0.42	671.975
0.420126	671.591
0.420525	671.587
0.42117	671.581
0.421392	671.58
0.420924	671.583
0.421553	671.578
0.42177	671.577
0.422073	671.575
0.420538	671.586
0.421275	671.58
0.420741	671.585
0.423022	671.567
0.423076	671.567
0.420256	671.589
0.420181	671.59
0.420077	671.592
0.420081	671.592
0.420161	671.591
0.420242	671.589
0.42	672.067
0.420248	671.589
0.420513	671.587
0.421691	671.577
0.421931	671.576
0.421639	671.578
0.421881	671.576
0.420665	671.585
0.420918	671.583
0.421343	671.58
0.421588	671.578
0.42	672.01
0.42021	671.59
0.420329	671.589
0.420643	671.586
0.420839	671.584
0.420488	671.587
0.42	672.162
0.420741	671.584
0.420951	671.583
0.420132	671.591
0.420335	671.588
0.421605	671.578
0.421542	671.578
0.421187	671.581
0.421383	671.579
0.420527	671.586
0.421648	671.578
0.421496	671.579
0.42119	671.581
0.420874	671.584
0.420714	671.585
0.420599	671.586
0.420317	671.589
0.420409	671.588
0.420067	671.592
0.420614	671.586
0.420362	671.588
0.420095	671.592
0.420205	671.59
0.421175	671.581
0.420775	671.585
0.42061	671.586
0.425989	671.539
0.422975	671.567
0.425679	671.543
0.420923	671.583
0.421093	671.582
0.420315	671.589
0.42	671.969
0.42022	671.59
0.420378	671.588
0.420504	671.587
0.420436	671.587
0.420369	671.588
0.420063	671.592
0.42	671.927
0.420238	671.59
0.420175	671.59
0.420438	671.587
0.422467	671.572
0.42053	671.587
0.420644	671.586
0.420767	671.585
0.420898	671.583
0.420605	671.586
0.422973	671.568
0.42352	671.563
0.420311	671.589
0.420504	671.587
0.420154	671.591
0.42	672.007
0.42	671.992
0.420121	671.591
0.420382	671.588
0.421678	671.578
0.421782	671.577
0.420762	671.585
0.42109	671.582
0.421422	671.579
0.421202	671.581
0.420074	671.592
0.420126	671.591
0.42104	671.582
0.420155	671.59
0.420342	671.588
0.420947	671.583
0.420528	671.586
0.421347	671.58
0.42	672.026
0.420271	671.589
0.421656	671.578
0.421057	671.582
0.421412	671.579
0.421082	671.582
0.420519	671.587
0.42	671.988
0.420538	671.587
0.420791	671.584
0.420728	671.585
0.420597	671.586
0.420483	671.587
0.420281	671.589
0.420133	671.591
0.42	672.031
0.42103	671.582
0.421256	671.581
0.420516	671.587
0.420411	671.588
0.420278	671.589
0.423596	671.562
0.424441	671.555
0.425544	671.544
0.420753	671.585
0.42058	671.586
0.420063	671.592
0.420126	671.591
0.420173	671.59
0.420504	671.587
0.420119	671.591
0.420031	671.593
0.42139	671.58
0.421162	671.581
0.421664	671.578
0.420812	671.584
0.421973	671.575
0.42228	671.573
0.420749	671.585
0.420648	671.585
0.423516	671.563
0.423439	671.564
0.420401	671.588
0.420329	671.589
0.42023	671.59
0.420077	671.592
0.42	671.977
0.42	671.973
0.420058	671.592
0.420049	671.593
0.420098	671.591
0.420242	671.589
0.420322	671.589
0.42	672.076
0.420298	671.589
0.420198	671.59
0.420603	671.586
0.420488	671.587
0.422096	671.574
0.422237	671.573
0.422354	671.572
0.421943	671.575
0.420875	671.584
0.421605	671.578
0.42131	671.58
0.421773	671.577
0.42	671.989
0.420231	671.59
0.420168	671.59
0.420377	671.588
0.420504	671.587
0.420739	671.585
0.420887	671.583
0.42	672.09
0.421083	671.582
0.420656	671.585
0.421218	671.581
0.42014	671.591
0.420222	671.59
0.42042	671.587
0.421999	671.575
0.421874	671.576
0.421505	671.579
0.421276	671.58
0.42086	671.584
0.421731	671.577
0.421947	671.575
0.421729	671.577
0.421503	671.579
0.421375	671.58
0.420821	671.584
0.420971	671.583
0.420721	671.585
0.420607	671.586
0.420395	671.588
0.420469	671.587
0.420073	671.592
0.420388	671.588
0.420199	671.59
0.420084	671.592
0.420168	671.591
0.420746	671.585
0.420948	671.583
0.420614	671.586
0.426615	671.532
0.420645	671.585
0.420283	671.589
0.42	671.941
0.420236	671.59
0.420367	671.588
0.420436	671.587
0.420345	671.588
0.420063	671.592
0.42	671.898
0.420182	671.59
0.420419	671.588
0.4229	671.568
0.420509	671.587
0.420677	671.585
0.420969	671.583
0.42257	671.571
0.420551	671.586
0.423462	671.563
0.424112	671.558
0.423981	671.559
0.420438	671.587
0.420205	671.59
0.420115	671.591
0.420038	671.593
0.42	671.943
0.420161	671.59
0.420099	671.592
0.42	672.039
0.420373	671.588
0.422032	671.575
0.422413	671.572
0.420649	671.586
0.421073	671.582
0.421596	671.578
0.421202	671.581
0.420063	671.592
0.420116	671.591
0.420296	671.589
0.420606	671.586
0.421036	671.582
0.420108	671.591
0.420246	671.589
0.420466	671.587
0.420885	671.583
0.421534	671.578
0.42007	671.592
0.42	672.004
0.420321	671.589
0.422107	671.574
0.422183	671.574
0.421068	671.582
0.420708	671.585
0.420541	671.586
0.421175	671.581
0.42	671.968
0.420981	671.583
0.420752	671.585
0.420597	671.586
0.420492	671.587
0.420299	671.589
0.420079	671.592
0.420159	671.591
0.42	671.985
0.421368	671.58
0.421185	671.581
0.420504	671.587
0.420319	671.589
0.42021	671.59
0.424736	671.552
0.426557	671.533
0.420646	671.585
0.420606	671.586
0.420523	671.587
0.420467	671.587
0.420325	671.589
0.420031	671.593
0.420094	671.592
0.420157	671.591
0.420189	671.59
0.42043	671.587
0.420252	671.59
0.420073	671.592
0.420037	671.593
0.420126	671.591
0.42056	671.586
0.421602	671.578
0.421353	671.58
0.421148	671.581
0.420716	671.585
0.420821	671.584
0.421892	671.576
0.422151	671.574
0.422447	671.572
0.420615	671.586
0.42421	671.557
0.420358	671.588
0.420278	671.589
0.420154	671.591
0.42	671.9
0.420071	671.592
0.420058	671.592
0.420163	671.591
0.420327	671.589
0.420229	671.59
0.420429	671.588
0.42	672.032
0.420075	671.592
0.420224	671.59
0.420336	671.589
0.420149	671.591
0.420538	671.586
0.420438	671.587
0.422525	671.571
0.422534	671.571
0.422766	671.569
0.422989	671.567
0.420719	671.585
0.420885	671.584
0.4215	671.579
0.421319	671.58
0.421991	671.575
0.421339	671.58
0.42	671.976
0.420189	671.59
0.420252	671.589
0.420411	671.588
0.420309	671.589
0.420507	671.587
0.420795	671.584
0.4207	671.585
0.420891	671.583
0.42	672.072
0.421218	671.581
0.421392	671.579
0.42069	671.585
0.421749	671.577
0.42007	671.592
0.420222	671.59
0.42014	671.591
0.420417	671.587
0.422467	671.571
0.422239	671.573
0.421593	671.578
0.421889	671.576
0.421244	671.581
0.420656	671.585
0.420912	671.583
0.420537	671.586
0.422429	671.572
0.42209	671.574
0.421751	671.577
0.421316	671.58
0.420845	671.584
0.421117	671.582
0.420731	671.585
0.420528	671.587
0.420066	671.592
0.42	671.965
0.420954	671.583
0.421034	671.582
0.42045	671.587
0.420238	671.59
0.420357	671.588
0.420084	671.592
0.420147	671.591
0.420901	671.583
0.420717	671.585
0.421058	671.582
0.420596	671.586
0.42042	671.588
0.425475	671.545
0.42	671.869
0.420273	671.589
0.42022	671.59
0.420362	671.588
0.42031	671.589
0.420319	671.589
0.42	671.908
0.420189	671.59
0.420157	671.591
0.420441	671.588
0.423339	671.565
0.422857	671.569
0.420471	671.587
0.420616	671.586
0.420983	671.583
0.420513	671.587
0.42395	671.559
0.424886	671.55
0.420373	671.588
0.42019	671.59
0.420227	671.59
0.420103	671.591
0.420038	671.593
0.420077	671.592
0.42	671.929
0.420116	671.591
0.420268	671.589
0.42	671.998
0.422784	671.569
0.420497	671.587
0.420546	671.586
0.420981	671.583
0.421741	671.577
0.421139	671.582
0.421876	671.576
0.421362	671.58
0.421173	671.581
0.420063	671.592
0.420126	671.591
0.420322	671.589
0.420578	671.586
0.421024	671.582
0.420117	671.591
0.420338	671.588
0.420959	671.583
0.421668	671.577
0.421908	671.576
0.42	671.984
0.420311	671.589
0.421022	671.582
0.420758	671.584
0.422291	671.573
0.420631	671.585
0.421535	671.578
0.420964	671.583
0.420644	671.586
0.420053	671.593
0.421181	671.581
0.42124	671.581
0.420714	671.585
0.420921	671.583
0.420568	671.586
0.420297	671.589
0.420115	671.591
0.420197	671.59
0.420042	671.593
0.42	671.921
0.421235	671.581
0.420495	671.587
0.420252	671.59
0.420336	671.589
0.420126	671.591
0.425757	671.542
0.420562	671.586
0.420504	671.587
0.42043	671.587
0.420394	671.588
0.420026	671.593
0.42	671.864
0.420076	671.592
0.420126	671.591
0.420171	671.59
0.420357	671.588
0.420251	671.59
0.420042	671.593
0.420105	671.592
0.42022	671.59
0.420504	671.587
0.421763	671.577
0.42149	671.579
0.421301	671.58
0.421154	671.581
0.420672	671.585
0.42084	671.584
0.422175	671.574
0.422653	671.57
0.420438	671.587
0.424557	671.554
0.425057	671.549
0.420308	671.589
0.420154	671.591
0.42	671.905
0.42	671.848
0.420115	671.591
0.420065	671.592
0.420166	671.591
0.420217	671.59
0.420381	671.588
0.420333	671.588
0.420065	671.592
0.420112	671.591
0.420282	671.589
0.420187	671.59
0.420368	671.588
0.423283	671.565
0.42073	671.585
0.420617	671.586
0.420842	671.584
0.421523	671.579
0.421389	671.58
0.421577	671.578
0.422186	671.574
0.42	671.961
0.420259	671.589
0.420182	671.59
0.42035	671.588
0.420445	671.587
0.420467	671.587
0.420789	671.584
0.420686	671.585
0.420896	671.583
0.42	672.079
0.420222	671.589
0.420478	671.587
0.421593	671.578
0.421142	671.581
0.420837	671.584
0.422204	671.573
0.420061	671.592
0.420131	671.591
0.42021	671.59
0.420519	671.586
0.420393	671.588
0.421441	671.579
0.422012	671.575
0.421078	671.582
0.420833	671.584
0.422617	671.57
0.420663	671.585
0.422518	671.571
0.422172	671.574
0.421788	671.577
0.421276	671.58
0.421526	671.579
0.420845	671.584
0.421072	671.582
0.420758	671.585
0.420484	671.587
0.42	671.9
0.42011	671.592
0.421157	671.581
0.421336	671.58
0.420546	671.586
0.42043	671.587
0.420235	671.59
0.420294	671.589
0.420084	671.592
0.420042	671.593
0.420803	671.584
0.421067	671.582
0.420691	671.585
0.421493	671.579
0.420504	671.587
0.42042	671.588
0.420168	671.591
0.420425	671.587
0.420026	671.593
0.420252	671.589
0.420201	671.59
0.420304	671.589
0.420294	671.589
0.420382	671.588
0.420084	671.592
0.420126	671.591
0.420154	671.591
0.423772	671.561
0.423216	671.566
0.420415	671.588
0.420535	671.587
0.421007	671.583
0.42048	671.587
0.424405	671.555
0.420317	671.589
0.420396	671.588
0.420199	671.59
0.420248	671.589
0.420037	671.593
0.420038	671.593
0.420097	671.592
0.42	671.916
0.42005	671.593
0.420094	671.592
0.420274	671.589
0.42	671.981
0.420448	671.587
0.420502	671.587
0.420967	671.583
0.421159	671.581
0.421758	671.577
0.422133	671.574
0.422383	671.572
0.421174	671.581
0.421337	671.58
0.42005	671.593
0.4201	671.592
0.420141	671.591
0.420266	671.589
0.420462	671.587
0.420556	671.586
0.421016	671.582
0.420105	671.591
0.420327	671.588
0.420422	671.587
0.421352	671.58
0.421013	671.582
0.420684	671.585
0.421968	671.575
0.422344	671.572
0.42	671.973
0.42028	671.589
0.421681	671.577
0.421236	671.581
0.420926	671.583
0.422391	671.572
0.422733	671.569
0.422972	671.568
0.420927	671.583
0.420686	671.585
0.420571	671.586
0.420026	671.593
0.420079	671.592
0.42	671.869
0.421346	671.58
0.421446	671.579
0.421575	671.578
0.420648	671.586
0.420795	671.584
0.420353	671.588
0.42015	671.591
0.420191	671.59
0.42	671.915
0.420944	671.583
0.420615	671.586
0.421423	671.579
0.421215	671.581
0.420209	671.59
0.420271	671.589
0.420336	671.589
0.420126	671.591
0.42042	671.588
0.420383	671.588
0.420341	671.588
0.420052	671.592
0.42	671.858
0.420089	671.592
0.420126	671.591
0.420154	671.591
0.420283	671.589
0.420227	671.59
0.420182	671.59
0.420064	671.592
0.420448	671.587
0.421934	671.576
0.421586	671.578
0.421336	671.58
0.421137	671.582
0.4207	671.585
0.420542	671.587
0.420896	671.583
0.422285	671.573
0.423052	671.567
0.425314	671.546
0.420171	671.59
0.42	671.891
0.420127	671.591
0.42	671.832
0.420019	671.594
0.420066	671.592
0.420036	671.593
0.420215	671.59
0.420107	671.591
0.420397	671.588
0.420338	671.588
0.420103	671.592
0.420056	671.593
0.420149	671.591
0.420253	671.589
0.420199	671.59
0.420445	671.587
0.420584	671.586
0.420702	671.585
0.421687	671.578
0.421401	671.58
0.421498	671.579
0.422579	671.571
0.42	671.932
0.420193	671.59
0.420282	671.589
0.420383	671.588
0.420784	671.584
0.420672	671.585
0.420877	671.584
0.42	672.03
0.42021	671.59
0.420565	671.586
0.421637	671.578
0.421174	671.581
0.420876	671.583
0.420723	671.585
0.421984	671.575
0.420061	671.592
0.420123	671.591
0.420188	671.59
0.420607	671.586
0.420469	671.587
0.420333	671.588
0.421403	671.579
0.421961	671.575
0.421046	671.582
0.420757	671.584
0.423128	671.566
0.422983	671.567
0.422596	671.57
0.422019	671.575
0.421724	671.577
0.421204	671.581
0.421475	671.579
0.420809	671.584
0.421015	671.582
0.420476	671.587
0.420053	671.593
0.420106	671.591
0.420026	671.593
0.420514	671.587
0.420608	671.586
0.420413	671.588
0.420231	671.59
0.420313	671.589
0.420084	671.592
0.420042	671.593
0.420737	671.585
0.420881	671.584
0.421048	671.582
0.421719	671.577
0.420521	671.587
0.42042	671.588
0.420166	671.591
0.420126	671.591
0.42	671.919
0.420336	671.588
0.420021	671.594
0.420084	671.592
0.420231	671.59
0.420194	671.59
0.420259	671.589
0.420315	671.589
0.42009	671.592
0.420111	671.591
0.420131	671.591
0.423567	671.563
0.420372	671.588
0.420413	671.588
0.420977	671.583
0.420581	671.586
0.420791	671.584
0.420455	671.587
0.422547	671.571
0.420273	671.589
0.420327	671.588
0.420219	671.59
0.420031	671.593
0.42	671.873
0.420063	671.592
0.420026	671.594
0.42	671.826
0.420017	671.594
0.420033	671.593
0.420083	671.592
0.420114	671.591
0.42	671.887
0.420072	671.592
0.420143	671.591
0.420279	671.589
0.42	671.938
0.420355	671.588
0.420399	671.588
0.420457	671.587
0.420421	671.588
0.4224	671.572
0.421151	671.581
0.421293	671.58
0.420037	671.593
0.420075	671.592
0.420111	671.591
0.420158	671.591
0.420203	671.59
0.420373	671.588
0.420448	671.587
0.420544	671.586
0.420985	671.583
0.420073	671.592
0.420146	671.591
0.42037	671.588
0.420251	671.589
0.420477	671.587
0.421314	671.58
0.421054	671.582
0.420601	671.586
0.422387	671.572
0.42	671.968
0.420245	671.589
0.421559	671.578
0.421215	671.581
0.42085	671.584
0.422381	671.572
0.422798	671.569
0.423284	671.565
0.422995	671.567
0.423471	671.563
0.420865	671.584
0.420547	671.586
0.420728	671.585
0.420079	671.592
0.42	671.855
0.421602	671.578
0.421788	671.577
0.420154	671.591
0.420195	671.59
0.420644	671.586
0.421904	671.576
0.420205	671.59
0.42028	671.589
0.420336	671.589
0.420042	671.593
0.42	671.905
0.420252	671.589
0.42	671.855
0.420042	671.593
0.420103	671.591
0.420157	671.591
0.42021	671.59
0.420014	671.594
0.42	671.809
0.420192	671.59
0.420203	671.59
0.420147	671.591
0.420336	671.589
0.422113	671.574
0.420602	671.586
0.420679	671.585
0.420462	671.587
0.420864	671.584
0.422762	671.569
0.423108	671.567
0.420271	671.589
0.420145	671.591
0.420189	671.59
0.42	671.808
0.420061	671.592
0.420027	671.593
0.420054	671.593
0.420153	671.591
0.420089	671.592
0.420121	671.591
0.42037	671.588
0.420344	671.588
0.420221	671.59
0.420047	671.593
0.420112	671.591
0.420084	671.592
0.420168	671.591
0.420224	671.59
0.420312	671.589
0.420343	671.588
0.420374	671.588
0.422932	671.568
0.42	671.921
0.420299	671.589
0.420224	671.59
0.420753	671.585
0.420635	671.586
0.420837	671.584
0.42	672.021
0.420884	671.583
0.420731	671.585
0.420605	671.586
0.422876	671.568
0.420053	671.593
0.420109	671.591
0.420166	671.59
0.420683	671.585
0.42056	671.586
0.420385	671.588
0.420298	671.589
0.421074	671.582
0.420932	671.583
0.423821	671.56
0.423473	671.563
0.423492	671.563
0.4211	671.582
0.420928	671.583
0.420614	671.586
0.420434	671.587
0.420053	671.593
0.420102	671.592
0.420022	671.594
0.420381	671.588
0.420266	671.589
0.420084	671.592
0.420756	671.585
0.42042	671.588
0.420567	671.586
0.420105	671.592
0.420168	671.591
0.420336	671.589
0.42	671.889
0.420035	671.593
0.425756	671.542
0.426097	671.538
0.425071	671.549
0.42028	671.589
0.420294	671.589
0.420026	671.593
0.420034	671.593
0.420061	671.592
0.42	671.848
0.420123	671.591
0.420014	671.594
0.42028	671.589
0.420224	671.59
0.420076	671.592
0.420097	671.592
0.420113	671.592
0.420288	671.589
0.420321	671.589
0.420403	671.588
0.420505	671.587
0.422338	671.573
0.420206	671.59
0.420055	671.593
0.420027	671.594
0.420015	671.594
0.420031	671.593
0.4201	671.591
0.420056	671.592
0.42	671.882
0.420308	671.589
0.420254	671.589
0.42	671.913
0.42035	671.588
0.420328	671.589
0.42	671.871
0.420065	671.592
0.420112	671.591
0.420168	671.591
0.420336	671.588
0.420299	671.589
0.420448	671.587
0.420543	671.586
0.420082	671.592
0.420163	671.59
0.42033	671.588
0.420415	671.587
0.4205	671.587
0.422764	671.569
0.422754	671.569
0.42	671.897
0.42021	671.59
0.420474	671.587
0.420254	671.589
0.420735	671.585
0.423305	671.565
0.423831	671.56
0.42077	671.584
0.42046	671.587
0.420611	671.586
0.420159	671.591
0.420073	671.592
0.42	671.842
0.420296	671.589
0.420183	671.59
0.420504	671.587
0.420126	671.591
0.420191	671.59
0.420224	671.59
0.42028	671.589
0.420059	671.593
0.420028	671.593
0.42	671.859
0.420287	671.589
0.420189	671.59
0.42025	671.589
0.42002	671.594
0.42	671.851
0.42	671.85
0.420028	671.593
0.42	671.855
0.420079	671.592
0.420117	671.591
0.420161	671.591
0.420023	671.594
0.42	671.844
0.420019	671.594
0.42	671.863
0.420033	671.593
0.42	671.87
0.42	671.822
0.420159	671.591
0.420177	671.591
0.420129	671.591
0.420296	671.589
0.420346	671.589
0.420409	671.588
0.422536	671.571
0.420224	671.59
0.420169	671.59
0.420054	671.593
0.42	671.812
0.420078	671.592
0.420128	671.591
0.420036	671.593
0.420063	671.592
0.420107	671.591
0.420162	671.591
0.420357	671.588
0.420195	671.59
0.420037	671.593
0.42	671.894
0.420075	671.592
0.420145	671.591
0.420168	671.591
0.420266	671.589
0.420305	671.589
0.420037	671.593
0.420135	671.591
0.420229	671.59
0.420168	671.591
0.420299	671.589
0.420373	671.588
0.420705	671.585
0.420598	671.586
0.42	672.016
0.420228	671.59
0.420292	671.589
0.420608	671.586
0.420512	671.587
0.420026	671.593
0.420079	671.592
0.420158	671.591
0.420595	671.586
0.42049	671.587
0.420333	671.588
0.420411	671.588
0.420283	671.589
0.420665	671.585
0.420502	671.587
0.420396	671.588
0.420043	671.593
0.420124	671.591
0.420098	671.592
0.420022	671.594
0.42	671.825
0.420017	671.594
0.42	671.821
0.420249	671.59
0.422105	671.574
0.420367	671.588
0.420425	671.588
0.420084	671.592
0.420121	671.591
0.420157	671.591
0.420273	671.589
0.420059	671.593
0.420021	671.594
0.42	671.854
0.42	671.831
0.420233	671.59
0.420053	671.593
0.42004	671.593
0.420089	671.592
0.42	671.836
0.420014	671.594
0.42	671.807
0.420028	671.593
0.420014	671.594
0.42	671.799
0.420014	671.594
0.42	671.816
0.420017	671.594
0.42	671.83
0.420021	671.594
0.42	671.838
0.420024	671.593
0.42	671.812
0.420014	671.594
0.42	671.807
0.420027	671.594
0.42	671.86
0.420028	671.593
0.420226	671.59
0.420183	671.59
0.420079	671.592
0.420089	671.592
0.420258	671.589
0.420276	671.589
0.420301	671.589
0.420352	671.588
0.42043	671.588
0.420187	671.59
0.420014	671.594
0.420028	671.593
0.420095	671.592
0.420056	671.593
0.42	671.854
0.420273	671.589
0.420236	671.59
0.420033	671.593
0.420098	671.592
0.420217	671.59
0.420278	671.589
0.420031	671.593
0.420081	671.592
0.420056	671.593
0.42	671.867
0.420112	671.591
0.42014	671.591
0.420198	671.59
0.42028	671.589
0.420317	671.589
0.420233	671.59
0.420355	671.588
0.420448	671.587
0.420501	671.587
0.420082	671.592
0.42	671.981
0.420152	671.591
0.420353	671.588
0.42042	671.587
0.42	671.872
0.420105	671.591
0.420169	671.59
0.420233	671.589
0.420628	671.586
0.420416	671.588
0.420551	671.586
0.420056	671.593
0.420017	671.594
0.42	671.824
0.420177	671.59
0.420314	671.589
0.420084	671.592
0.420187	671.59
0.420217	671.59
0.420051	671.593
0.420043	671.593
0.420014	671.594
0.42	671.82
0.420141	671.591
0.420211	671.59
0.420047	671.593
0.420068	671.592
0.420082	671.592
0.420112	671.591
0.420037	671.593
0.420051	671.593
0.420028	671.593
0.420014	671.594
0.42	671.805
0.420014	671.594
0.42	671.806
0.420026	671.594
0.42	671.851
0.420026	671.594
0.42	671.85
0.420112	671.591
0.420138	671.591
0.42014	671.591
0.420075	671.592
0.420285	671.589
0.420374	671.588
0.420357	671.588
0.420196	671.59
0.420149	671.591
0.420056	671.593
0.420084	671.592
0.420117	671.591
0.420018	671.594
0.420072	671.592
0.420149	671.591
0.420303	671.589
0.420165	671.591
0.42	671.882
0.420056	671.593
0.420121	671.591
0.42018	671.59
0.420227	671.59
0.420236	671.59
0.420025	671.593
0.42	671.853
0.420201	671.59
0.420147	671.591
0.420168	671.591
0.420229	671.59
0.420392	671.588
0.420554	671.586
0.420044	671.593
0.42	671.934
0.420233	671.589
0.420286	671.589
0.420487	671.587
0.420431	671.587
0.420026	671.593
0.420053	671.592
0.42	671.853
0.420128	671.591
0.420508	671.587
0.42042	671.587
0.420341	671.588
0.420281	671.589
0.420244	671.589
0.420437	671.587
0.420034	671.593
0.420124	671.591
0.420068	671.592
0.42002	671.594
0.42	671.835
0.420207	671.59
0.420354	671.588
0.420115	671.591
0.420103	671.592
0.420147	671.591
0.42021	671.59
0.420245	671.59
0.420028	671.593
0.42002	671.594
0.420155	671.591
0.420056	671.592
0.420028	671.593
0.420028	671.593
0.420028	671.593
0.420062	671.592
0.420035	671.593
0.420042	671.593
0.420049	671.593
0.420028	671.593
0.420026	671.594
0.42	671.851
0.420054	671.593
0.420168	671.591
0.420133	671.591
0.420082	671.592
0.420227	671.59
0.420256	671.589
0.42029	671.589
0.420168	671.59
0.420189	671.59
0.420028	671.593
0.420056	671.593
0.42	671.852
0.42005	671.593
0.420109	671.592
0.420137	671.591
0.420219	671.59
0.420371	671.588
0.420249	671.589
0.42	671.831
0.420028	671.593
0.42	671.81
0.420014	671.594
0.420075	671.592
0.420146	671.591
0.42	671.836
0.420014	671.594
0.42	671.841
0.420028	671.593
0.42	671.813
0.420015	671.594
0.42	671.831
0.420015	671.594
0.420023	671.594
0.42005	671.593
0.420075	671.592
0.420112	671.591
0.420026	671.593
0.42	671.827
0.420014	671.594
0.42	671.833
0.420261	671.589
0.420224	671.59
0.420299	671.589
0.420191	671.59
0.420336	671.589
0.420387	671.588
0.420448	671.587
0.420088	671.591
0.420047	671.593
0.420175	671.59
0.42035	671.588
0.420088	671.592
0.420023	671.593
0.420206	671.59
0.420128	671.591
0.420499	671.587
0.420101	671.592
0.420034	671.593
0.420171	671.591
0.42028	671.589
0.420071	671.592
0.420192	671.59
0.420057	671.593
0.42004	671.593
0.42	671.829
0.420025	671.594
0.42	671.849
0.420024	671.594
0.42	671.854
0.421521	671.579
0.421887	671.576
0.42156	671.579
0.420103	671.591
0.420127	671.591
0.420075	671.592
0.420042	671.593
0.420075	671.592
0.420056	671.593
0.420051	671.593
0.420105	671.592
0.420198	671.59
0.420098	671.592
0.420233	671.59
0.420224	671.59
0.420318	671.589
0.420304	671.589
0.420142	671.591
0.420168	671.59
0.420084	671.592
0.42007	671.592
0.420027	671.593
0.420077	671.592
0.420298	671.589
0.420137	671.591
0.420166	671.591
0.420056	671.593
0.420084	671.592
0.420152	671.591
0.420197	671.59
0.420023	671.594
0.42017	671.591
0.420126	671.591
0.420222	671.59
0.420187	671.59
0.420327	671.589
0.42	671.833
0.420093	671.591
0.42	671.925
0.42028	671.589
0.42021	671.59
0.42042	671.587
0.420391	671.588
0.42005	671.593
0.42	671.853
0.420108	671.591
0.420179	671.59
0.42035	671.588
0.42028	671.589
0.42023	671.59
0.42034	671.588
0.420394	671.588
0.420135	671.591
0.420074	671.592
0.420047	671.593
0.420105	671.592
0.420081	671.592
0.420136	671.591
0.420189	671.59
0.420168	671.591
0.420224	671.59
0.420018	671.594
0.420036	671.593
0.42	671.832
0.420014	671.594
0.42	671.807
0.42	671.835
0.420024	671.594
0.42	671.842
0.420019	671.594
0.420014	671.594
0.42	671.807
0.420024	671.594
0.42014	671.591
0.420042	671.593
0.420093	671.592
0.420056	671.592
0.420063	671.592
0.420049	671.593
0.420101	671.592
0.420128	671.591
0.420152	671.591
0.420093	671.592
0.420077	671.592
0.420177	671.591
0.420208	671.59
0.42021	671.59
0.420248	671.59
0.42014	671.591
0.42014	671.591
0.420112	671.591
0.42	671.869
0.420055	671.593
0.420082	671.592
0.42011	671.591
0.420199	671.59
0.420236	671.59
0.420138	671.591
0.420028	671.593
0.420053	671.593
0.42012	671.591
0.420043	671.593
0.420038	671.593
0.420051	671.593
0.420079	671.592
0.420028	671.593
0.42014	671.591
0.420084	671.592
0.420196	671.59
0.420243	671.59
0.420182	671.59
0.42028	671.589
0.42016	671.591
0.42028	671.589
0.420317	671.589
0.420356	671.588
0.420019	671.594
0.42	671.915
0.420047	671.593
0.420093	671.592
0.420169	671.59
0.420315	671.589
0.420067	671.592
0.420023	671.593
0.420047	671.593
0.420104	671.591
0.42014	671.591
0.420098	671.592
0.420157	671.591
0.420252	671.59
0.420058	671.593
0.42	671.818
0.420014	671.594
0.42	671.822
0.420023	671.594
0.42	671.823
0.420049	671.593
0.420112	671.591
0.420056	671.592
0.420084	671.592
0.420073	671.592
0.420075	671.592
0.420185	671.59
0.420206	671.59
0.420189	671.59
0.420229	671.59
0.420084	671.592
0.420027	671.593
0.42	671.83
0.42	671.81
0.420014	671.594
0.420224	671.59
0.420266	671.589
0.420111	671.591
0.420149	671.591
0.420139	671.591
0.420073	671.592
0.42005	671.593
0.420056	671.593
0.420037	671.593
0.420093	671.592
0.420089	671.592
0.420168	671.591
0.420149	671.591
0.420252	671.589
0.420271	671.589
0.42	671.804
0.42014	671.591
0.420041	671.593
0.42	671.898
0.420245	671.589
0.420198	671.59
0.42035	671.588
0.42	671.829
0.42007	671.592
0.420183	671.59
0.42028	671.589
0.420231	671.589
0.420308	671.589
0.420128	671.591
0.42006	671.592
0.420072	671.592
0.4201	671.592
0.420126	671.591
0.420147	671.591
0.420168	671.591
0.420215	671.59
0.42	671.813
0.420017	671.594
0.42	671.832
0.420016	671.594
0.420031	671.593
0.420049	671.593
0.42	671.833
0.420016	671.594
0.42	671.806
0.420016	671.594
0.42	671.827
0.420021	671.594
0.42	671.847
0.420026	671.594
0.42	671.865
0.42	671.83
0.420021	671.594
0.42	671.816
0.420016	671.594
0.42	671.837
0.420016	671.594
0.420031	671.593
0.42	671.864
0.42	671.842
0.420024	671.594
0.42	671.835
0.420023	671.594
0.42	671.819
0.420021	671.594
0.420026	671.594
0.42	671.844
0.420021	671.594
0.42	671.806
0.420014	671.594
0.42	671.808
0.420014	671.594
0.42	671.812
0.420014	671.594
0.420016	671.594
0.42	671.801
0.420012	671.594
0.42	671.799
0.420012	671.594
0.420028	671.594
0.420028	671.593
0.420038	671.593
0.420049	671.593
0.420028	671.594
0.420084	671.592
0.420089	671.592
0.420106	671.592
0.420143	671.591
0.420069	671.592
0.42016	671.591
0.420175	671.591
0.420112	671.591
0.42	671.831
0.420014	671.594
0.420055	671.593
0.420069	671.592
0.420183	671.59
0.420245	671.59
0.420083	671.592
0.420111	671.591
0.42009	671.592
0.420056	671.593
0.420112	671.591
0.420103	671.592
0.42007	671.592
0.420154	671.591
0.420182	671.59
0.420224	671.59
0.42014	671.591
0.420238	671.59
0.420266	671.589
0.420016	671.594
0.42	671.808
0.420014	671.594
0.42	671.806
0.420019	671.594
0.420014	671.594
0.42	671.808
0.420014	671.594
0.42	671.796
0.420014	671.594
0.42	671.808
0.420012	671.594
0.42	671.821
0.420025	671.594
0.42	671.856
0.420037	671.593
0.420026	671.593
0.42	671.862
0.420028	671.593
0.42	671.862
0.420028	671.593
0.42	671.831
0.420014	671.594
0.42	671.808
0.420014	671.594
0.42	671.806
0.420014	671.594
0.42	671.806
0.420014	671.594
0.42	671.805
0.420014	671.594
0.42	671.806
0.420014	671.594
0.42	671.782
0.420014	671.594
0.42	671.821
0.42	671.822
0.420064	671.592
0.420093	671.591
0.42014	671.591
0.42	671.864
0.420035	671.593
0.42014	671.591
0.42028	671.589
0.420094	671.592
0.420076	671.592
0.420125	671.591
0.420081	671.592
0.420178	671.591
0.420037	671.593
0.420105	671.592
0.420155	671.591
0.420168	671.591
0.420189	671.59
0.420154	671.591
0.42	671.86
0.420028	671.593
0.42	671.88
0.42	671.844
0.420028	671.593
0.42	671.828
0.420028	671.593
0.42	671.835
0.420014	671.594
0.42	671.81
0.420014	671.594
0.42	671.84
0.420028	671.593
0.42	671.862
0.420028	671.593
0.42	671.831
0.42	671.877
0.420028	671.593
0.420014	671.594
0.42	671.814
0.420014	671.594
0.42	671.828
0.420028	671.593
0.42	671.856
0.420021	671.594
0.42	671.834
0.420028	671.593
0.420028	671.593
0.42	671.837
0.420196	671.59
0.420168	671.591
0.420247	671.59
0.420217	671.59
0.420083	671.592
0.420131	671.591
0.420112	671.591
0.420054	671.593
0.420075	671.592
0.420084	671.592
0.420126	671.591
0.420168	671.591
0.420112	671.591
0.42021	671.59
0.420224	671.59
0.420205	671.59
0.420014	671.594
0.42	671.81
0.420014	671.594
0.42	671.807
0.420014	671.594
0.420014	671.594
0.420018	671.594
0.420239	671.589
0.420187	671.59
0.42	671.828
0.420035	671.593
0.420053	671.593
0.420154	671.591
0.42	671.827
0.42002	671.594
0.42	671.823
0.420019	671.594
0.42	671.845
0.42	671.844
0.420094	671.592
0.420079	671.592
0.420098	671.592
0.420122	671.591
0.420147	671.591
0.420026	671.594
0.420047	671.593
0.420031	671.593
0.420038	671.593
0.420045	671.593
0.420045	671.593
0.420047	671.593
0.420031	671.593
0.420044	671.593
0.420047	671.593
0.420046	671.593
0.420049	671.593
0.420042	671.593
0.420034	671.593
0.420028	671.593
0.420028	671.594
0.420033	671.593
0.420025	671.594
0.420047	671.593
0.420056	671.593
0.420058	671.593
0.422989	671.567
0.422456	671.572
0.422651	671.57
0.420084	671.592
0.420132	671.591
0.42014	671.591
0.420147	671.591
0.420157	671.591
0.420028	671.593
0.420018	671.594
0.42	671.839
0.420028	671.593
0.42	671.834
0.420014	671.594
0.42	671.809
0.420014	671.594
0.420056	671.593
0.420056	671.593
0.420084	671.592
0.420112	671.591
0.420091	671.592
0.420075	671.592
0.420056	671.593
0.420112	671.591
0.420131	671.591
0.420168	671.591
0.420128	671.591
0.420196	671.59
0.420103	671.592
0.420033	671.593
0.420037	671.593
0.420028	671.593
0.420028	671.593
0.420028	671.593
0.42004	671.593
0.42005	671.593
0.420056	671.593
0.420051	671.593
0.420028	671.593
0.420028	671.593
0.420028	671.593
0.420028	671.593
0.420028	671.593
0.420031	671.593
0.420028	671.593
0.420028	671.593
0.420105	671.591
0.42007	671.592
0.420053	671.592
0.420125	671.591
0.42	671.834
0.420018	671.594
0.420023	671.593
0.42	671.845
0.420089	671.592
0.42007	671.592
0.420109	671.591
0.420023	671.593
0.420063	671.593
0.420047	671.593
0.420042	671.593
0.42007	671.592
0.420056	671.593
0.422834	671.569
0.423169	671.566
0.420084	671.592
0.420105	671.592
0.420126	671.591
0.420136	671.591
0.420122	671.591
0.420056	671.593
0.420056	671.593
0.420042	671.593
0.420028	671.593
0.420028	671.593
0.420042	671.593
0.420056	671.593
0.420028	671.593
0.420056	671.593
0.420028	671.593
0.420042	671.593
0.420035	671.593
0.420028	671.593
0.42014	671.591
0.420168	671.591
0.420112	671.591
0.420187	671.59
0.420056	671.593
0.420056	671.593
0.420093	671.592
0.420093	671.592
0.420056	671.593
0.42007	671.592
0.420056	671.593
0.420093	671.592
0.420093	671.592
0.420084	671.592
0.420168	671.591
0.420187	671.59
0.420056	671.593
0.420028	671.593
0.420035	671.593
0.420023	671.593
0.42	671.846
0.420023	671.593
0.420038	671.593
0.420063	671.592
0.42008	671.592
0.420122	671.591
0.420063	671.593
0.420063	671.593
0.420063	671.593
0.420063	671.593
0.420063	671.593
0.42006	671.593
0.420066	671.592
0.42005	671.593
0.420042	671.593
0.42005	671.593
0.420105	671.592
0.420121	671.591
0.420126	671.591
0.420112	671.592
0.420056	671.593
0.420056	671.593
0.420049	671.593
0.420042	671.593
0.420028	671.593
0.42007	671.592
0.420075	671.592
0.420056	671.593
0.420091	671.592
0.420075	671.592
0.420107	671.591
0.42014	671.591
0.420126	671.591
0.420075	671.592
0.420154	671.591
0.420175	671.59
0.420042	671.593
0.420065	671.592
0.420049	671.593
0.420052	671.593
0.420056	671.593
0.420038	671.593
0.420049	671.593
0.420049	671.593
0.420056	671.593
0.420051	671.593
0.420097	671.592
0.420053	671.592
0.420041	671.593
0.420047	671.593
0.420089	671.592
0.42007	671.592
0.420098	671.592
0.420077	671.592
0.420067	671.593
0.420084	671.592
0.42007	671.592
0.420105	671.592
0.420094	671.592
0.420084	671.592
0.420093	671.592
0.420075	671.592
0.420056	671.593
0.420056	671.593
0.420084	671.592
0.420056	671.593
0.420075	671.592
0.420056	671.593
0.420131	671.591
0.420114	671.591
0.42014	671.591
0.42007	671.592
0.420071	671.592
0.420056	671.593
0.420131	671.591
0.420149	671.591
0.420145	671.591
0.42007	671.592
0.420047	671.593
0.42007	671.592
0.420096	671.592
0.420094	671.592
0.420084	671.592
0.420084	671.592
0.420084	671.592
0.420075	671.592
0.420072	671.592
0.420089	671.592
0.420077	671.592
0.420084	671.592
0.420098	671.592
0.420112	671.591
0.420067	671.592
0.42007	671.592
0.420075	671.592
0.420112	671.591
0.420103	671.592
0.420112	671.591
0.420093	671.592
0.420112	671.591
0.420093	671.592
0.420091	671.592
0.420086	671.592
)
