(title "Wall Temperature")
(labels "Position" "Wall Temperature")

((xy/key/label "reducer_fluid")
0.225	658.37
0.225	658.375
0.224766	659.135
0.225	657.643
0.2	666.461
0.2	666.461
0.200234	666.457
0.225	658.379
0.225	658.358
0.224757	659.151
0.225	657.63
0.225	658.347
0.224757	659.162
0.225	657.77
0.224766	659.124
0.224729	659.194
0.225	658.386
0.224766	659.14
0.225	657.623
0.2	666.452
0.2	666.448
0.200234	666.447
0.2	666.463
0.2	666.477
0.200234	666.462
0.2	666.45
0.200234	666.447
0.2	666.461
0.200234	666.458
0.225	658.369
0.225	658.37
0.224766	659.133
0.225	657.721
0.2	666.481
0.2	666.476
0.200234	666.47
0.224729	659.209
0.225	658.347
0.225	658.348
0.224766	659.1
0.225	657.555
0.225	658.366
0.225	658.374
0.224766	659.126
0.225	657.593
0.2	666.46
0.200234	666.451
0.2	666.463
0.200234	666.456
0.2	666.475
0.2	666.478
0.200234	666.468
0.2	666.475
0.200243	666.468
0.224532	659.605
0.200234	666.471
0.2	666.468
0.200234	666.466
0.2	666.457
0.200234	666.455
0.200234	666.456
0.225	658.366
0.225	657.643
0.224766	659.134
0.224766	659.119
0.2	666.461
0.2	666.455
0.200234	666.455
0.2	666.467
0.200234	666.461
0.2	666.456
0.200234	666.454
0.224765	659.109
0.224766	659.098
0.224532	659.599
0.2	666.468
0.200234	666.461
0.224766	659.131
0.224766	659.148
0.225	658.377
0.225	657.644
0.224765	659.117
0.225	658.331
0.225	658.344
0.224766	659.102
0.225	657.727
0.2	666.467
0.200234	666.459
0.2	666.474
0.200234	666.467
0.2	666.462
0.2	666.465
0.200234	666.458
0.2	666.452
0.200234	666.448
0.224766	659.107
0.224766	659.104
0.224532	659.592
0.2	666.458
0.200234	666.455
0.225	658.357
0.225	657.569
0.200234	666.46
0.225	658.376
0.225	657.678
0.225	657.548
0.224766	659.135
0.2	666.467
0.200237	666.459
0.224532	659.597
0.224766	659.115
0.225	658.345
0.225	657.663
0.225	658.365
0.225	657.688
0.2	666.454
0.200234	666.453
0.225	658.387
0.225	657.8
0.2	666.458
0.200234	666.459
0.225	658.354
0.225	657.588
0.225	657.691
0.200234	666.45
0.200234	666.455
0.2	666.468
0.200234	666.464
0.200234	666.462
0.224532	659.59
0.225	658.384
0.225	657.65
0.224765	659.137
0.225	658.357
0.225	657.606
0.225	658.405
0.224766	659.156
0.225	657.733
0.200468	666.438
0.225	657.58
0.200467	666.444
0.224765	659.107
0.225	657.576
0.224532	659.564
0.200467	666.43
0.200467	666.447
0.225	658.41
0.224766	659.105
0.225	657.71
0.200468	666.446
0.200468	666.437
0.224532	659.581
0.224532	659.57
0.200467	666.433
0.225	658.402
0.224765	659.16
0.225	657.702
0.200468	666.431
0.200468	666.438
0.225	658.355
0.224766	659.159
0.225	657.695
0.200468	666.436
0.200468	666.44
0.225	658.386
0.225	658.395
0.224766	659.152
0.225	657.819
0.225	658.382
0.224765	659.122
0.224765	659.157
0.225	657.832
0.224532	659.56
0.224532	659.604
0.200272	666.468
0.225	658.407
0.224765	659.146
0.225	657.594
0.200468	666.436
0.224766	659.136
0.225	657.576
0.200468	666.446
0.224533	659.58
0.200272	666.461
0.200465	666.435
0.224533	659.595
0.224532	659.564
0.200463	666.435
0.200463	666.436
0.224533	659.565
0.224533	659.61
0.224532	659.593
0.200465	666.43
0.224514	659.636
0.224514	659.649
0.200465	666.441
0.200468	666.438
0.200468	666.441
0.200463	666.433
0.200462	666.437
0.224533	659.581
0.224533	659.573
0.224531	659.596
0.200462	666.436
0.200463	666.436
0.224531	659.565
0.224535	659.574
0.224535	659.613
0.200462	666.439
0.200462	666.441
0.200462	666.438
0.200462	666.439
0.224532	659.619
0.224532	659.612
0.200464	666.431
0.200464	666.438
0.224537	659.596
0.224537	659.616
0.224535	659.586
0.224534	659.569
0.224534	659.596
0.224535	659.615
0.224299	659.984
0.224299	659.984
0.224299	659.984
0.224299	659.983
0.224298	659.976
0.224065	660.333
0.224065	660.333
0.224298	659.988
0.224298	659.962
0.200486	666.445
0.224298	659.956
0.224299	659.99
0.224304	659.975
0.224299	659.976
0.224299	659.958
0.224298	659.979
0.200484	666.436
0.224304	659.984
0.224303	659.981
0.2243	659.968
0.224065	660.336
0.224065	660.331
0.2243	659.969
0.224303	659.966
0.224299	659.981
0.224068	660.317
0.224298	659.962
0.224066	660.313
0.2243	659.957
0.2243	659.993
0.224068	660.321
0.224066	660.327
0.224064	660.326
0.224065	660.338
0.224066	660.333
0.2243	659.999
0.224064	660.32
0.2243	659.963
0.224065	660.312
0.224066	660.314
0.200701	666.424
0.200699	666.424
0.200699	666.423
0.2007	666.425
0.200689	666.422
0.200934	666.403
0.200935	666.404
0.200701	666.412
0.2007	666.411
0.2007	666.413
0.200699	666.415
0.200689	666.411
0.200933	666.394
0.20069	666.417
0.224298	659.963
0.224298	659.984
0.200702	666.416
0.200702	666.417
0.200698	666.425
0.200702	666.417
0.200702	666.416
0.200702	666.416
0.223838	660.641
0.223834	660.65
0.223838	660.641
0.223834	660.64
0.200702	666.418
0.200702	666.417
0.200936	666.397
0.200936	666.396
0.2243	660
0.224298	659.999
0.224302	660
0.2243	660.001
0.224072	660.341
0.224067	660.344
0.224302	659.989
0.224067	660.344
0.224069	660.342
0.2243	659.972
0.223841	660.657
0.223834	660.662
0.224067	660.34
0.223834	660.661
0.223601	660.957
0.223834	660.657
0.224068	660.332
0.200935	666.396
0.200935	666.396
0.200935	666.396
0.224302	659.979
0.200699	666.411
0.224072	660.321
0.2236	660.956
0.200935	666.397
0.22407	660.315
0.223838	660.648
0.223841	660.638
0.2236	660.951
0.201168	666.378
0.20117	666.377
0.201169	666.377
0.20117	666.378
0.2014	666.361
0.20139	666.361
0.201168	666.377
0.200932	666.396
0.201403	666.361
0.201169	666.378
0.201402	666.361
0.201638	666.345
0.20164	666.346
0.200699	666.417
0.201168	666.378
0.200932	666.398
0.201403	666.361
0.200699	666.419
0.200699	666.419
0.200697	666.412
0.200924	666.393
0.200697	666.414
0.200923	666.394
0.200697	666.415
0.201403	666.36
0.200922	666.395
0.200696	666.416
0.200922	666.396
0.200696	666.417
0.200924	666.396
0.200932	666.396
0.201159	666.378
0.201162	666.378
0.200927	666.392
0.20139	666.361
0.201157	666.378
0.224064	660.316
0.201157	666.377
0.201391	666.36
0.224064	660.334
0.201157	666.376
0.201391	666.36
0.201157	666.376
0.201391	666.359
0.20116	666.375
0.201391	666.359
0.201154	666.375
0.200921	666.393
0.200933	666.403
0.200939	666.403
0.201389	666.361
0.201625	666.344
0.201625	666.345
0.201623	666.344
0.20139	666.359
0.201872	666.33
0.201382	666.361
0.201881	666.33
0.201625	666.344
0.201621	666.345
0.201856	666.331
0.201614	666.347
0.201619	666.346
0.201853	666.331
0.201858	666.33
0.202084	666.319
0.201616	666.344
0.201854	666.332
0.20162	666.346
0.223604	660.955
0.200697	666.417
0.223367	661.231
0.223609	660.94
0.223366	661.23
0.200924	666.399
0.200697	666.417
0.200923	666.398
0.200697	666.417
0.200922	666.398
0.200696	666.418
0.200922	666.398
0.200696	666.418
0.200924	666.398
0.200932	666.398
0.201159	666.379
0.201162	666.379
0.200927	666.401
0.20139	666.362
0.201157	666.379
0.201157	666.379
0.201391	666.362
0.201157	666.38
0.201626	666.346
0.201631	666.345
0.201391	666.362
0.201157	666.38
0.201615	666.346
0.201386	666.359
0.201391	666.363
0.20116	666.381
0.201391	666.364
0.201154	666.383
0.200929	666.402
0.201389	666.362
0.201625	666.347
0.201625	666.347
0.201623	666.348
0.20139	666.365
0.201858	666.334
0.201382	666.363
0.201848	666.334
0.201625	666.349
0.202088	666.319
0.202103	666.318
0.201621	666.347
0.201857	666.333
0.201619	666.347
0.201853	666.333
0.201858	666.335
0.202084	666.321
0.201615	666.351
0.201854	666.333
0.20162	666.347
0.201387	666.366
0.201165	666.384
0.224064	660.335
0.201631	666.346
0.224064	660.32
0.201851	666.332
0.202076	666.319
0.202302	666.308
0.201854	666.332
0.202292	666.308
0.202083	666.319
0.202305	666.307
0.202088	666.321
0.202085	666.321
0.202507	666.297
0.202349	666.305
0.202177	666.314
0.202294	666.308
0.202087	666.319
0.201854	666.332
0.201854	666.332
0.202082	666.32
0.201846	666.333
0.201851	666.333
0.202085	666.321
0.202319	666.309
0.201854	666.333
0.202302	666.309
0.202087	666.321
0.202318	666.309
0.202557	666.297
0.202312	666.309
0.20208	666.322
0.202311	666.309
0.202091	666.321
0.20186	666.333
0.202075	666.32
0.202324	666.309
0.202086	666.321
0.20232	666.309
0.202552	666.297
0.202556	666.297
0.202544	666.298
0.202314	666.309
0.202551	666.297
0.202535	666.298
0.202305	666.309
0.202541	666.298
0.202542	666.298
0.202786	666.286
0.202767	666.287
0.202761	666.287
0.202777	666.286
0.202768	666.287
0.203003	666.276
0.203006	666.275
0.202779	666.286
0.203007	666.275
0.203241	666.265
0.203017	666.275
0.202771	666.287
0.202754	666.287
0.203233	666.265
0.203235	666.265
0.202998	666.276
0.203467	666.254
0.203449	666.255
0.203244	666.264
0.203235	666.265
0.202993	666.276
0.203508	666.252
0.203007	666.276
0.203222	666.266
0.202992	666.276
0.203457	666.255
0.203645	666.246
0.203481	666.253
0.203238	666.265
0.203217	666.266
0.202316	666.307
0.203456	666.255
0.202501	666.297
0.203453	666.255
0.203449	666.256
0.203218	666.266
0.202989	666.276
0.202773	666.286
0.202538	666.297
0.203009	666.275
0.203213	666.266
0.202318	666.307
0.202781	666.285
0.203685	666.245
0.202524	666.296
0.203681	666.245
0.203427	666.257
0.203217	666.266
0.20254	666.296
0.202982	666.276
0.203441	666.257
0.203671	666.246
0.203667	666.247
0.203894	666.236
0.203906	666.235
0.202766	666.286
0.203903	666.237
0.203678	666.247
0.203438	666.257
0.203219	666.266
0.202981	666.276
0.202526	666.297
0.203886	666.237
0.202749	666.286
0.203191	666.266
0.204128	666.227
0.204132	666.226
0.203433	666.257
0.203895	666.238
0.203659	666.247
0.202968	666.276
0.203653	666.247
0.20343	666.257
0.2032	666.266
0.20272	666.287
0.202946	666.277
0.202513	666.297
0.203908	666.235
0.204124	666.228
0.20367	666.245
0.204134	666.225
0.203875	666.238
0.202714	666.288
0.204355	666.216
0.20436	666.217
0.203176	666.267
0.204119	666.228
0.203417	666.257
0.204367	666.215
0.204142	666.224
0.202935	666.278
0.202717	666.288
0.204361	666.214
0.204136	666.225
0.203903	666.235
0.204347	666.218
0.204108	666.229
0.20365	666.247
0.203869	666.238
0.203421	666.257
0.203159	666.268
0.204371	666.215
0.204332	666.219
0.204587	666.207
0.204599	666.206
0.203646	666.247
0.204595	666.205
0.204567	666.208
0.204597	666.204
0.204837	666.196
0.20386	666.238
0.204089	666.229
0.204319	666.219
0.204554	666.209
0.204302	666.219
0.204075	666.229
0.204542	666.209
0.204527	666.209
0.20429	666.219
0.203857	666.238
0.203667	666.246
0.20407	666.229
0.203574	666.25
0.20383	666.239
0.204768	666.199
0.204769	666.199
0.204269	666.219
0.204032	666.229
0.204499	666.209
0.204735	666.199
0.204706	666.2
0.204983	666.188
0.205003	666.188
0.204484	666.209
0.204953	666.189
0.203332	666.26
0.203799	666.239
0.204935	666.19
0.204701	666.2
0.204266	666.219
0.204027	666.229
0.204471	666.21
0.203562	666.249
0.205182	666.179
0.203783	666.239
0.204226	666.22
0.204002	666.229
0.204672	666.201
0.205178	666.179
0.204436	666.211
0.204204	666.221
0.203758	666.24
0.203971	666.23
0.204902	666.191
0.204405	666.212
0.205206	666.178
0.205141	666.18
0.205083	666.183
0.205392	666.169
0.20463	666.203
0.205414	666.168
0.204842	666.193
0.205331	666.172
0.20417	666.222
0.205238	666.176
0.205004	666.187
0.204819	666.195
0.204617	666.204
0.204386	666.213
0.203942	666.232
0.204825	666.195
0.204152	666.223
0.204596	666.205
0.205041	666.186
0.202927	666.278
0.205047	666.185
0.204374	666.214
0.204804	666.196
0.204585	666.205
0.204134	666.224
0.204369	666.214
0.205295	666.174
0.204805	666.195
0.205031	666.185
0.204574	666.205
0.203349	666.259
0.203538	666.25
0.205252	666.175
0.205017	666.185
0.204785	666.195
0.20375	666.24
0.204363	666.214
0.204503	666.208
0.205244	666.175
0.203906	666.233
0.205461	666.165
0.205437	666.167
0.204997	666.185
0.224067	660.332
0.204152	666.223
0.205208	666.176
0.203914	666.233
0.224069	660.311
0.203711	666.241
0.205014	666.188
0.203676	666.243
0.224067	660.323
0.224069	660.34
0.203901	666.234
0.204201	666.221
0.203658	666.245
0.204798	666.198
0.203473	666.252
0.203526	666.25
0.2035	666.25
0.223833	660.64
0.205427	666.167
0.203335	666.259
0.200544	666.43
0.200544	666.438
0.200934	666.393
0.203316	666.259
0.203426	666.255
0.200938	666.394
0.224063	660.337
0.223833	660.647
0.203275	666.26
0.223837	660.66
0.203264	666.261
0.203222	666.264
0.205516	666.163
0.224458	659.751
0.224063	660.344
0.224458	659.764
0.203125	666.269
0.203135	666.268
0.203129	666.269
0.223834	660.656
0.202909	666.279
0.204801	666.197
0.205601	666.158
0.202901	666.279
0.223834	660.637
0.203086	666.27
0.203012	666.273
0.202641	666.292
0.205457	666.166
0.20273	666.287
0.202815	666.282
0.203006	666.273
0.203177	666.267
0.202607	666.293
0.205437	666.165
0.202421	666.302
0.20477	666.195
0.203601	666.248
0.203388	666.258
0.205249	666.177
0.205654	666.156
0.202547	666.298
0.205442	666.167
0.205661	666.156
0.20546	666.166
0.205232	666.177
0.20561	666.158
0.205577	666.16
0.204851	666.194
0.205675	666.155
0.202981	666.275
0.205862	666.145
0.203664	666.245
0.202777	666.287
0.205884	666.144
0.20593	666.142
0.205936	666.141
0.205691	666.154
0.202961	666.277
0.203155	666.269
0.205663	666.155
0.205414	666.166
0.205179	666.176
0.205	666.184
0.205644	666.157
0.204511	666.207
0.204892	666.189
0.205032	666.187
0.223369	661.231
0.20565	666.155
0.205164	666.176
0.205478	666.166
0.205893	666.144
0.205896	666.144
0.205854	666.146
0.205396	666.166
0.20577	666.15
0.205619	666.156
0.206117	666.132
0.20462	666.201
0.201152	666.384
0.20428	666.217
0.201162	666.384
0.2046	666.205
0.203678	666.245
0.205582	666.158
0.206146	666.129
0.20622	666.126
0.223834	660.639
0.223831	660.644
0.223834	660.651
0.223831	660.656
0.205282	666.176
0.203807	666.239
0.203744	666.242
0.205051	666.186
0.205493	666.165
0.205704	666.154
0.205282	666.175
0.205921	666.142
0.205709	666.154
0.205509	666.165
0.205078	666.185
0.20401	666.229
0.20592	666.143
0.206111	666.132
0.206135	666.131
0.205313	666.174
0.206341	666.119
0.206158	666.13
0.20594	666.143
0.205728	666.154
0.205547	666.163
0.205126	666.182
0.205363	666.172
0.205756	666.153
0.205959	666.143
0.20638	666.117
0.205556	666.164
0.206169	666.131
0.205964	666.143
0.205778	666.153
0.20581	666.147
0.201849	666.336
0.201168	666.384
0.206131	666.134
0.206394	666.117
0.203011	666.275
0.206623	666.101
0.206617	666.103
0.206354	666.121
0.201855	666.33
0.206624	666.104
0.206182	666.132
0.20557	666.164
0.205317	666.174
0.206598	666.107
0.206403	666.119
0.206858	666.09
0.206878	666.087
0.206019	666.141
0.205825	666.152
0.205336	666.176
0.205629	666.162
0.206113	666.132
0.206075	666.139
0.206289	666.126
0.205875	666.15
0.206004	666.138
0.206176	666.129
0.206111	666.133
0.206526	666.107
0.206337	666.124
0.206132	666.136
0.205091	666.185
0.205791	666.149
0.206852	666.091
0.205435	666.164
0.206838	666.089
0.206592	666.108
0.204869	666.194
0.20568	666.16
0.205425	666.172
0.20644	666.112
0.207137	666.071
0.206763	666.091
0.206685	666.097
0.206144	666.13
0.203768	666.24
0.205679	666.155
0.20582	666.147
0.205765	666.15
0.20594	666.142
0.205854	666.146
0.206025	666.137
0.20608	666.134
0.20619	666.128
0.206283	666.122
0.206101	666.133
0.206365	666.118
0.206202	666.127
0.206573	666.11
0.206036	666.137
0.205979	666.141
0.206298	666.123
0.20634	666.12
0.205707	666.153
0.203345	666.26
0.206251	666.126
0.206375	666.118
0.206543	666.11
0.202317	666.306
0.206593	666.106
0.206383	666.117
0.206468	666.114
0.206608	666.104
0.206776	666.095
0.206883	666.088
0.206686	666.102
0.206848	666.089
0.207112	666.074
0.206614	666.103
0.202778	666.285
0.204833	666.195
0.202765	666.286
0.204589	666.206
0.204358	666.216
0.205939	666.146
0.205167	666.183
0.202314	666.31
0.202083	666.322
0.20254	666.298
0.204112	666.226
0.201155	666.375
0.204348	666.213
0.203889	666.236
0.204111	666.226
0.204346	666.217
0.204864	666.195
0.206351	666.118
0.206312	666.12
0.203863	666.237
0.207085	666.075
0.204586	666.207
0.204341	666.217
0.206464	666.112
0.204075	666.228
0.204563	666.208
0.204313	666.218
0.204557	666.208
0.204807	666.198
0.204814	666.197
0.204793	666.199
0.204035	666.23
0.206386	666.121
0.206963	666.084
0.205034	666.189
0.205067	666.186
0.204786	666.199
0.204534	666.209
0.207042	666.077
0.205042	666.189
0.205013	666.189
0.207113	666.071
0.206916	666.082
0.205005	666.189
0.205257	666.179
0.205272	666.179
0.204762	666.199
0.205244	666.179
0.205484	666.168
0.205222	666.179
0.204985	666.19
0.205029	666.189
0.205483	666.17
0.205746	666.156
0.206181	666.133
0.20428	666.219
0.205257	666.18
0.206658	666.1
0.205493	666.169
0.20452	666.21
0.206874	666.087
0.206369	666.118
0.203557	666.251
0.206863	666.092
0.206608	666.102
0.206438	666.113
0.206542	666.107
0.206727	666.096
0.206626	666.102
0.202772	666.284
0.206806	666.09
0.20689	666.085
0.2067	666.097
0.203106	666.272
0.20699	666.078
0.207068	666.073
0.206906	666.084
0.207168	666.066
0.207253	666.06
0.207152	666.066
0.203338	666.261
0.207188	666.067
0.202951	666.279
0.207332	666.054
0.206968	666.079
0.206527	666.107
0.207516	666.04
0.207411	666.047
0.20723	666.06
0.202757	666.288
0.206794	666.095
0.204077	666.227
0.202809	666.287
0.203261	666.266
0.206783	666.091
0.205466	666.168
0.223372	661.228
0.203533	666.252
0.22361	660.951
0.206006	666.142
0.203874	666.236
0.203705	666.243
0.202067	666.319
0.203805	666.239
0.20706	666.075
0.206522	666.111
0.200816	666.406
0.20709	666.072
0.201167	666.375
0.207433	666.047
0.201166	666.375
0.207595	666.034
0.205709	666.157
0.205722	666.157
0.205963	666.144
0.205697	666.157
0.205944	666.145
0.207697	666.027
0.207803	666.018
0.20789	666.011
0.207713	666.024
0.207587	666.036
0.200816	666.415
0.207345	666.054
0.207958	666.006
0.223837	660.65
0.223837	660.65
0.201391	666.367
0.201623	666.351
0.201397	666.367
0.201621	666.351
0.201399	666.367
0.201631	666.351
0.201845	666.337
0.201856	666.337
0.20186	666.337
0.223832	660.646
0.201403	666.366
0.201184	666.382
0.202092	666.324
0.201858	666.337
0.201635	666.351
0.202084	666.324
0.201634	666.351
0.202092	666.324
0.201359	666.368
0.201087	666.391
0.202322	666.312
0.202326	666.312
0.202318	666.311
0.201872	666.336
0.202329	666.312
0.20208	666.323
0.202553	666.3
0.202098	666.324
0.202077	666.325
0.202561	666.301
0.201903	666.335
0.202553	666.299
0.223838	660.645
0.202324	666.313
0.20256	666.301
0.223834	660.658
0.202791	666.289
0.202794	666.289
0.202568	666.301
0.202446	666.307
0.202812	666.289
0.224186	660.16
0.202174	666.32
0.202718	666.295
0.202787	666.288
0.203028	666.279
0.203027	666.278
0.223832	660.655
0.203023	666.277
0.203054	666.278
0.202779	666.287
0.202545	666.299
0.20299	666.282
0.203262	666.267
0.203262	666.268
0.203244	666.266
0.223606	660.942
0.2236	660.944
0.223604	660.945
0.223602	660.95
0.20472	666.201
0.223838	660.65
0.223369	661.224
0.2236	660.95
0.223821	660.68
0.223372	661.22
0.223834	660.654
0.223368	661.227
0.223598	660.945
0.223369	661.221
0.223142	661.475
0.22314	661.478
0.224186	660.152
0.223914	660.543
0.223137	661.477
0.223364	661.223
0.22337	661.226
0.223136	661.477
0.223643	660.917
0.223138	661.484
0.222906	661.715
0.222909	661.713
0.222907	661.716
0.222673	661.939
0.222905	661.716
0.222677	661.938
0.222924	661.699
0.222674	661.937
0.223099	661.508
0.207046	666.073
0.223834	660.637
0.222681	661.934
0.222441	662.147
0.222439	662.147
0.222443	662.147
0.222441	662.146
0.20299	666.279
0.222208	662.34
0.223366	661.221
0.2229	661.717
0.222208	662.342
0.222435	662.156
0.222827	661.801
0.223834	660.659
0.223138	661.476
0.222193	662.357
0.222204	662.342
0.222676	661.935
0.221976	662.523
0.222556	662.051
0.221974	662.52
0.222284	662.272
0.221958	662.541
0.221972	662.521
0.221743	662.688
0.200928	666.392
0.202744	666.286
0.206609	666.108
0.223606	660.947
0.2236	660.951
0.201158	666.375
0.223604	660.947
0.207525	666.038
0.223602	660.949
0.201185	666.374
0.223369	661.225
0.2236	660.947
0.223821	660.675
0.223372	661.222
0.223368	661.226
0.223598	660.952
0.223369	661.225
0.223142	661.476
0.22314	661.478
0.202299	666.31
0.223914	660.537
0.223137	661.48
0.223364	661.228
0.22337	661.223
0.223136	661.481
0.223643	660.913
0.207107	666.075
0.223138	661.482
0.222906	661.717
0.222909	661.716
0.222907	661.716
0.222673	661.94
0.222905	661.714
0.222677	661.937
0.223599	660.943
0.222925	661.696
0.222674	661.939
0.223099	661.505
0.222681	661.931
0.222441	662.146
0.222439	662.148
0.202088	666.322
0.222443	662.145
0.222441	662.147
0.222208	662.34
0.223366	661.225
0.2229	661.721
0.222208	662.34
0.222434	662.154
0.222827	661.798
0.223138	661.479
0.222193	662.354
0.222204	662.342
0.223599	660.948
0.222676	661.939
0.221976	662.521
0.222556	662.048
0.221974	662.519
0.222284	662.269
0.221958	662.539
0.205452	666.169
0.221972	662.521
0.221743	662.686
0.202084	666.318
0.223602	660.944
0.203475	666.254
0.205936	666.145
0.223601	660.941
0.223368	661.22
0.2236	660.94
0.202776	666.287
0.223366	661.22
0.2236	660.939
0.223371	661.22
0.223366	661.219
0.2236	660.94
0.223841	660.634
0.223602	660.942
0.223601	660.946
0.203016	666.276
0.223368	661.222
0.2236	660.952
0.223366	661.227
0.2236	660.955
0.223371	661.219
0.203261	666.268
0.223366	661.229
0.203484	666.257
0.2236	660.958
0.202311	666.311
0.223834	660.662
0.203245	666.264
0.204258	666.221
0.223366	661.219
0.204398	666.214
0.20139	666.358
0.207346	666.051
0.206862	666.086
0.207109	666.068
0.207624	666.031
0.223366	661.232
0.201396	666.358
0.201627	666.344
0.201403	666.358
0.201619	666.344
0.20163	666.344
0.201857	666.33
0.201862	666.33
0.201405	666.359
0.201637	666.344
0.201852	666.33
0.201867	666.331
0.203471	666.256
0.202079	666.319
0.202079	666.318
0.202089	666.319
0.20186	666.331
0.201632	666.344
0.202088	666.318
0.223142	661.48
0.202318	666.306
0.202321	666.306
0.202312	666.307
0.202095	666.32
0.202536	666.295
0.202557	666.298
0.202567	666.298
0.202539	666.296
0.202317	666.307
0.202718	666.292
0.202549	666.296
0.202326	666.308
0.202549	666.297
0.202319	666.309
0.202079	666.321
0.202549	666.295
0.201359	666.361
0.204975	666.19
0.201903	666.33
0.202174	666.316
0.202446	666.303
0.203253	666.265
0.203234	666.265
0.203008	666.276
0.221739	662.688
0.221972	662.521
0.202778	666.287
0.202544	666.298
0.205213	666.18
0.206187	666.132
0.206202	666.132
0.206433	666.119
0.221739	662.688
0.221972	662.522
0.206464	666.116
0.206636	666.106
0.20685	666.093
0.206869	666.092
0.206683	666.104
0.206911	666.09
0.206175	666.133
0.206912	666.09
0.206716	666.101
0.204601	666.205
0.222203	662.341
0.203011	666.275
0.207139	666.075
0.204799	666.197
0.203979	666.232
0.203712	666.243
0.207114	666.076
0.206649	666.106
0.206408	666.12
0.206153	666.134
0.205915	666.146
0.203465	666.255
0.203463	666.255
0.223137	661.474
0.223132	661.477
0.223365	661.219
0.223137	661.481
0.223132	661.486
0.223365	661.233
0.203441	666.259
0.203238	666.265
0.203476	666.254
0.203702	666.244
0.222203	662.343
0.203462	666.254
0.203941	666.233
0.203701	666.244
0.203936	666.234
0.203924	666.234
0.203698	666.244
0.204148	666.225
0.203697	666.244
0.203931	666.234
0.222667	661.941
0.203693	666.245
0.222667	661.943
0.203929	666.234
0.203686	666.246
0.203925	666.235
0.204155	666.224
0.203677	666.248
0.204161	666.224
0.203898	666.237
0.204164	666.224
0.20416	666.224
0.204145	666.225
0.204127	666.227
0.204386	666.214
0.203533	666.255
0.204392	666.214
0.203913	666.237
0.204371	666.215
0.204391	666.214
0.204622	666.204
0.204625	666.204
0.204396	666.214
0.203805	666.242
0.205668	666.158
0.204622	666.205
0.204617	666.204
0.204857	666.195
0.204857	666.195
0.204863	666.194
0.204077	666.229
0.204817	666.196
0.205108	666.184
0.204357	666.216
0.206392	666.121
0.205113	666.184
0.204613	666.205
0.223601	660.957
0.207131	666.075
0.206887	666.091
0.204861	666.194
0.205091	666.185
0.205183	666.181
0.204971	666.19
0.205442	666.169
0.205413	666.171
0.205353	666.173
0.205383	666.172
0.205658	666.159
0.205897	666.147
0.205633	666.161
0.20614	666.135
0.205886	666.148
0.206115	666.136
0.205618	666.161
0.206103	666.137
0.206361	666.123
0.205105	666.183
0.20638	666.122
0.205857	666.149
0.206343	666.124
0.223132	661.476
0.206574	666.11
0.206595	666.109
0.223139	661.483
0.206577	666.111
0.206327	666.124
0.206085	666.137
0.205845	666.15
0.205605	666.161
0.20606	666.138
0.2066	666.109
0.222437	662.147
0.222437	662.149
0.206569	666.111
0.205822	666.15
0.206305	666.125
0.206549	666.112
0.205362	666.172
0.206525	666.112
0.205585	666.161
0.206771	666.099
0.206287	666.125
0.206047	666.138
0.205812	666.149
0.205343	666.172
0.205574	666.161
0.206037	666.138
0.207103	666.076
0.206276	666.125
0.205814	666.149
0.206515	666.113
0.206261	666.126
0.205979	666.14
0.206759	666.099
0.205707	666.155
0.206503	666.113
0.205324	666.173
0.206522	666.113
0.206743	666.1
0.206754	666.099
0.206804	666.097
0.206702	666.102
0.205072	666.185
0.206962	666.087
0.206948	666.089
0.206973	666.086
0.206794	666.097
0.207175	666.074
0.207161	666.075
0.207201	666.072
0.207417	666.058
0.207212	666.071
0.20699	666.085
0.207002	666.084
0.206816	666.096
0.206808	666.096
0.20744	666.056
0.207208	666.071
0.207002	666.084
0.206792	666.097
0.207386	666.061
0.207238	666.069
0.207442	666.055
0.207648	666.042
0.207652	666.04
0.207456	666.054
0.207682	666.038
0.207484	666.051
0.207119	666.076
0.207232	666.068
0.207685	666.036
0.207066	666.081
0.207632	666.043
0.2079	666.021
0.207918	666.019
0.207884	666.024
0.208125	666.004
0.207873	666.026
0.208099	666.007
0.207712	666.034
0.207817	666.03
0.207609	666.045
0.208133	666.002
0.207035	666.082
0.208075	666.01
0.208345	665.987
0.207338	666.065
0.208363	665.984
0.207932	666.017
0.207475	666.051
0.208329	665.989
0.207024	666.083
0.208164	665.999
0.207247	666.068
0.207493	666.05
0.207222	666.069
0.207048	666.081
0.206843	666.094
0.207081	666.079
0.207282	666.065
0.207319	666.063
0.207721	666.032
0.20752	666.048
0.207334	666.061
0.207555	666.046
0.207372	666.059
0.20774	666.031
0.207743	666.031
0.20758	666.044
0.207348	666.058
0.207779	666.029
0.207612	666.042
0.207367	666.055
0.207817	666.027
0.208387	665.981
0.207374	666.058
0.207827	666.025
0.207599	666.042
0.208581	665.966
0.20857	665.968
0.207379	666.058
0.207994	666.012
0.207769	666.028
0.208022	666.01
0.207984	666.013
0.207977	666.013
0.207601	666.041
0.207855	666.023
0.208191	665.995
0.207969	666.013
0.208215	665.994
0.208199	665.994
0.208358	665.98
0.208416	665.976
0.208229	665.993
0.208213	665.992
0.207362	666.058
0.208059	666.007
0.208305	665.991
0.207881	666.024
0.207897	666.019
0.208444	665.975
0.208142	666
0.207878	666.02
0.207595	666.041
0.208153	666.002
0.208555	665.969
0.208607	665.963
0.208631	665.957
0.208464	665.974
0.208251	665.992
0.208425	665.981
0.208125	666
0.208791	665.948
0.208809	665.946
0.208418	665.975
0.208787	665.948
0.208827	665.943
0.208694	665.954
0.209027	665.926
0.208589	665.96
0.208256	665.991
0.208463	665.974
0.208682	665.954
0.208889	665.934
0.208911	665.933
0.207958	666.014
0.208691	665.954
0.20885	665.936
0.209105	665.913
0.20881	665.939
0.208422	665.977
0.208921	665.932
0.209126	665.911
0.209189	665.906
0.208926	665.932
0.208668	665.956
0.208618	665.956
0.209047	665.916
0.208374	665.981
0.208183	665.996
0.209025	665.918
0.209305	665.891
0.207988	666.011
0.209348	665.889
0.209399	665.885
0.208504	665.966
0.20877	665.942
0.209269	665.894
0.208374	665.977
0.209547	665.867
0.223367	661.223
0.209519	665.869
0.208708	665.949
0.209244	665.897
0.208967	665.924
0.208402	665.978
0.209463	665.873
0.209605	665.863
0.209182	665.904
0.209437	665.878
0.20972	665.847
0.209146	665.911
0.225	657.69
0.209744	665.844
0.209683	665.851
0.208921	665.93
0.209932	665.824
0.209652	665.856
0.209051	665.923
0.209383	665.884
0.208837	665.94
0.209964	665.82
0.209881	665.83
0.208619	665.959
0.209802	665.84
0.20985	665.836
0.210136	665.801
0.21018	665.796
0.209131	665.91
0.210228	665.791
0.210002	665.817
0.209595	665.863
0.210098	665.807
0.210383	665.772
0.209354	665.89
0.20915	665.91
0.209348	665.89
0.210349	665.778
0.210065	665.813
0.208912	665.932
0.209799	665.843
0.209483	665.877
0.209382	665.887
0.20986	665.836
0.208706	665.951
0.209566	665.869
0.208696	665.958
0.209422	665.883
0.209164	665.908
0.210434	665.767
0.209017	665.928
0.207764	666.028
0.209658	665.858
0.208475	665.972
0.2103	665.785
0.20826	665.989
0.208648	665.955
0.210059	665.812
0.210266	665.791
0.210555	665.754
0.210598	665.748
0.209549	665.87
0.210638	665.743
0.210849	665.717
0.210671	665.738
0.208874	665.936
0.210468	665.764
0.210249	665.79
0.210013	665.82
0.210516	665.76
0.210804	665.723
0.210117	665.808
0.209921	665.83
0.210767	665.729
0.208908	665.932
0.21048	665.766
0.209764	665.849
0.210218	665.797
0.209968	665.827
0.209092	665.916
0.21072	665.736
0.21043	665.773
0.210683	665.742
0.210974	665.704
0.209307	665.896
0.211011	665.698
0.225	657.703
0.20951	665.876
0.210933	665.71
0.207571	666.041
0.210181	665.803
0.211185	665.678
0.210895	665.717
0.210637	665.749
0.211224	665.671
0.210385	665.779
0.211139	665.685
0.210847	665.724
0.209065	665.92
0.2111	665.692
0.211392	665.651
0.211431	665.645
0.211351	665.658
0.210597	665.754
0.209715	665.855
0.211602	665.624
0.211302	665.665
0.211014	665.703
0.225	658.263
0.210793	665.731
0.211642	665.618
0.211557	665.63
0.211142	665.686
0.211542	665.633
0.21181	665.596
0.211473	665.638
0.211854	665.59
0.210141	665.808
0.211414	665.65
0.209927	665.832
0.211769	665.603
0.210251	665.791
0.21202	665.567
0.211833	665.589
0.211686	665.616
0.212061	665.561
0.211657	665.613
0.211265	665.666
0.210381	665.782
0.211957	665.574
0.208968	665.934
0.212067	665.559
0.210599	665.755
0.21087	665.72
0.212272	665.531
0.223606	660.937
0.212253	665.534
0.210886	665.712
0.212276	665.529
0.211048	665.692
0.209894	665.836
0.210116	665.812
0.225	657.623
0.209729	665.851
0.209235	665.906
0.209279	665.9
0.209256	665.905
0.209443	665.884
0.20924	665.906
0.209678	665.859
0.212531	665.492
0.210327	665.79
0.209448	665.883
0.21227	665.528
0.211505	665.634
0.209696	665.858
0.209644	665.86
0.2099	665.836
0.210055	665.82
0.209783	665.848
0.209512	665.876
0.210472	665.764
0.211093	665.686
0.211257	665.666
0.211153	665.679
0.210943	665.706
0.210368	665.778
0.210181	665.802
0.211353	665.654
0.21071	665.735
0.210747	665.732
0.210568	665.753
0.210424	665.773
0.209981	665.824
0.211009	665.698
0.210594	665.751
0.210223	665.797
0.210981	665.704
0.210741	665.734
0.21068	665.743
0.210464	665.769
0.210845	665.722
0.211198	665.675
0.210923	665.713
0.210737	665.736
0.211093	665.691
0.211262	665.667
0.210234	665.796
0.211199	665.678
0.210506	665.764
0.211014	665.702
0.21136	665.656
0.21154	665.632
0.211335	665.656
0.210826	665.725
0.209472	665.877
0.211467	665.643
0.211276	665.668
0.211434	665.644
0.21162	665.621
0.211702	665.608
0.211804	665.596
0.211113	665.69
0.211724	665.608
0.211619	665.619
0.211542	665.633
0.211888	665.584
0.211964	665.572
0.211381	665.655
0.210035	665.818
0.212065	665.559
0.211992	665.571
0.211806	665.597
0.211883	665.584
0.21215	665.547
0.212232	665.534
0.21233	665.521
0.212251	665.534
0.212146	665.546
0.209932	665.829
0.209818	665.842
0.21164	665.62
0.210195	665.8
0.212072	665.559
0.212417	665.509
0.212493	665.496
0.209733	665.851
0.212409	665.508
0.209993	665.823
0.212038	665.56
0.211779	665.596
0.211231	665.669
0.211907	665.583
0.212593	665.483
0.212519	665.495
0.212336	665.521
0.211461	665.644
0.212174	665.546
0.211725	665.608
0.212681	665.47
0.211989	665.571
0.212436	665.507
0.212306	665.522
0.212761	665.456
0.212859	665.442
0.211198	665.678
0.212673	665.469
0.212603	665.482
0.212936	665.429
0.212573	665.483
0.21278	665.455
0.212838	665.443
0.212481	665.496
0.212221	665.534
0.207807	666.024
0.212948	665.429
0.213025	665.415
0.209912	665.832
0.211521	665.631
0.212253	665.533
0.210936	665.712
0.223144	661.48
0.211279	665.667
0.211546	665.632
0.213125	665.401
0.213045	665.414
0.212867	665.442
0.212747	665.456
0.212687	665.469
0.211812	665.595
0.211035	665.7
0.210671	665.745
0.211713	665.605
0.210412	665.775
0.211382	665.654
0.211116	665.688
0.210768	665.733
0.210853	665.721
0.211641	665.619
0.210591	665.753
0.210937	665.71
0.211214	665.675
0.210506	665.764
0.211462	665.641
0.211908	665.582
0.211726	665.606
0.210688	665.742
0.211296	665.663
0.211038	665.697
0.210201	665.8
0.210772	665.73
0.212517	665.494
0.210421	665.773
0.210326	665.785
0.210507	665.762
0.210243	665.793
0.210606	665.749
0.212063	665.557
0.212075	665.558
0.210856	665.718
0.210158	665.804
0.211438	665.642
0.210061	665.816
0.211562	665.628
0.21217	665.544
0.212482	665.499
0.212341	665.52
0.209691	665.855
0.211992	665.568
0.21112	665.685
0.212436	665.505
0.212954	665.428
0.213139	665.4
0.212259	665.53
0.212605	665.48
0.212783	665.454
0.2127	665.465
0.211385	665.65
0.211823	665.592
0.210959	665.705
0.211209	665.672
0.212871	665.44
0.211645	665.615
0.212522	665.491
0.21245	665.504
0.212089	665.554
0.213047	665.413
0.212959	665.425
0.212786	665.451
0.211475	665.638
0.213212	665.387
0.211956	665.571
0.211916	665.578
0.210338	665.781
0.212345	665.517
0.21216	665.543
0.211742	665.602
0.213136	665.398
0.211287	665.661
0.211986	665.567
0.211548	665.627
0.212404	665.507
0.213206	665.388
0.21261	665.478
0.213283	665.375
0.213368	665.36
0.213446	665.349
0.213227	665.383
0.21266	665.469
0.222902	661.719
0.222012	662.483
0.213052	665.411
0.21285	665.44
0.221743	662.688
0.212408	665.506
0.208122	665.993
0.210071	665.811
0.209978	665.823
0.209891	665.833
0.212647	665.469
0.209714	665.851
0.209787	665.845
0.213085	665.402
0.209627	665.861
0.209543	665.87
0.222902	661.717
0.213105	665.401
0.213202	665.387
0.213022	665.414
0.213293	665.373
0.213389	665.356
0.222012	662.48
0.221743	662.685
0.213473	665.344
0.213382	665.359
0.213307	665.37
0.211702	665.607
0.211879	665.582
0.212142	665.545
0.211616	665.618
0.212064	665.557
0.211795	665.594
0.212322	665.52
0.212925	665.429
0.211959	665.571
0.21321	665.385
0.212219	665.534
0.212565	665.483
0.211887	665.582
0.212485	665.495
0.212831	665.443
0.212748	665.456
0.213011	665.415
0.212664	665.469
0.212387	665.51
0.213094	665.401
0.212136	665.547
0.212917	665.43
0.212325	665.52
0.207345	666.051
0.212583	665.482
0.223132	661.478
0.212844	665.443
0.213177	665.388
0.213275	665.373
0.213378	665.357
0.213105	665.401
0.212506	665.495
0.212744	665.458
0.213474	665.342
0.212666	665.472
0.21302	665.416
0.212929	665.431
0.213285	665.373
0.213385	665.357
0.213193	665.389
0.223132	661.482
0.212847	665.445
0.223137	661.482
0.213093	665.405
0.212745	665.461
0.213011	665.42
0.21336	665.363
0.213442	665.348
0.213274	665.378
0.222901	661.715
0.213537	665.335
0.213165	665.396
0.212905	665.437
0.212674	665.471
0.213439	665.352
0.213623	665.319
0.213044	665.415
0.213316	665.372
0.21355	665.33
0.213706	665.306
0.213801	665.29
0.212501	665.499
0.212773	665.456
0.213588	665.321
0.213885	665.275
0.213966	665.261
0.21371	665.304
0.213558	665.327
0.222897	661.725
0.213793	665.288
0.214063	665.245
0.213633	665.315
0.213897	665.273
0.213973	665.259
0.214147	665.229
0.214232	665.214
0.214327	665.197
0.223371	661.229
0.214234	665.213
0.214052	665.243
0.221738	662.69
0.214412	665.181
0.214499	665.165
0.21432	665.196
0.214171	665.226
0.2139	665.27
0.214591	665.149
0.221738	662.689
0.214675	665.133
0.214504	665.165
0.214449	665.176
0.214131	665.238
0.21476	665.117
0.214839	665.102
0.21416	665.225
0.21476	665.116
0.213741	665.297
0.213985	665.254
0.214571	665.149
0.214425	665.177
0.213821	665.283
0.214253	665.208
0.214087	665.237
0.213641	665.313
0.213918	665.267
0.214916	665.085
0.21433	665.193
0.214185	665.221
0.213743	665.297
0.214518	665.16
0.214675	665.13
0.214839	665.099
0.214706	665.128
0.214774	665.112
0.214591	665.146
0.21502	665.066
0.214403	665.189
0.214941	665.08
0.215098	665.049
0.21501	665.065
0.214844	665.098
0.215196	665.03
0.215184	665.034
0.215261	665.017
0.215101	665.051
0.215362	664.999
0.215023	665.067
0.215285	665.015
0.214973	665.078
0.215365	664.996
0.214666	665.132
0.215197	665.03
0.214947	665.089
0.214404	665.18
0.214675	665.14
0.21548	664.971
0.215276	665.013
0.215108	665.047
0.21493	665.083
0.215445	664.981
0.214481	665.166
0.214749	665.117
0.215619	664.943
0.215209	665.028
0.215396	664.991
0.215515	664.965
0.208066	666.004
0.215507	664.966
0.2157	664.926
0.215699	664.925
0.215218	665.031
0.215545	664.962
0.215451	664.981
0.215622	664.945
0.215717	664.927
0.215808	664.907
0.215703	664.927
0.215612	664.949
0.215385	664.995
0.21579	664.909
0.215885	664.889
0.215956	664.874
0.215863	664.893
0.216039	664.855
0.21596	664.872
0.216143	664.833
0.21604	664.854
0.216218	664.814
0.215889	664.892
0.216305	664.796
0.216405	664.773
0.216298	664.796
0.216106	664.839
0.216219	664.816
0.215702	664.928
0.216477	664.756
0.216148	664.833
0.216482	664.753
0.216408	664.774
0.216034	664.851
0.21655	664.737
0.215762	664.918
0.21591	664.882
0.216661	664.713
0.216572	664.733
0.216363	664.78
0.216162	664.826
0.215943	664.874
0.216336	664.789
0.216452	664.759
0.216211	664.816
0.216745	664.691
0.213541	665.332
0.216549	664.741
0.21666	664.716
0.215012	665.067
0.216738	664.695
0.216817	664.674
0.214257	665.209
0.216996	664.632
0.216911	664.651
0.216887	664.658
0.217076	664.61
0.216771	664.689
0.216577	664.737
0.217155	664.592
0.217259	664.564
0.21549	664.974
0.217034	664.625
0.216981	664.632
0.21732	664.547
0.216849	664.665
0.217338	664.543
0.217416	664.521
0.217152	664.59
0.216825	664.671
0.215991	664.865
0.217121	664.597
0.217526	664.494
0.217596	664.473
0.217214	664.571
0.217547	664.487
0.217069	664.609
0.217684	664.449
0.217398	664.526
0.217858	664.401
0.217769	664.425
0.217592	664.474
0.225	654.68
0.225	655.069
0.225	654.584
0.225243	654.929
0.225	654.353
0.225	654.872
0.225253	654.954
0.225	654.639
0.225	655.2
0.225	654.563
0.225243	654.958
0.225	654.672
0.225	655.205
0.225	654.631
0.225244	654.927
0.215499	664.971
0.215759	664.915
0.213995	665.254
0.225	654.624
0.225	655.143
0.225	654.645
0.225245	654.945
0.225	654.842
0.225	655.221
0.225245	655.043
0.225	654.747
0.225	655.288
0.225	654.961
0.225245	655.047
0.225271	654.944
0.225245	654.924
0.217392	664.525
0.225	655.153
0.225	654.58
0.225244	654.938
0.225	654.55
0.225	655.092
0.225244	654.924
0.21554	664.961
0.225	655.419
0.225244	655.091
0.225	655.159
0.225244	654.971
0.215288	665.013
0.225272	654.958
0.217767	664.427
0.225	654.542
0.225	655.123
0.225	654.577
0.225	655.067
0.225244	654.888
0.225	655.211
0.225245	654.878
0.217657	664.456
0.217947	664.375
0.217434	664.516
0.225	655.078
0.225245	654.867
0.213477	665.341
0.217844	664.402
0.22552	654.998
0.22552	654.974
0.225551	654.991
0.225496	654.979
0.217664	664.456
0.218027	664.352
0.216636	664.716
0.218123	664.324
0.225494	655.013
0.217936	664.382
0.225521	655.009
0.218193	664.3
0.218292	664.272
0.225521	654.984
0.218208	664.302
0.225457	654.994
0.218376	664.245
0.225521	654.971
0.225521	655.026
0.218558	664.188
0.21802	664.352
0.218479	664.219
0.22552	654.985
0.225521	654.983
0.218643	664.16
0.225521	654.992
0.218456	664.219
0.225521	655.024
0.225521	655.004
0.218284	664.273
0.216913	664.649
0.217931	664.376
0.225522	654.976
0.218106	664.326
0.218806	664.104
0.217812	664.411
0.218544	664.191
0.225782	654.873
0.21872	664.133
0.21836	664.249
0.21732	664.545
0.218894	664.075
0.213497	665.342
0.218808	664.103
0.218624	664.161
0.225806	654.86
0.218184	664.302
0.218751	664.119
0.217569	664.48
0.225806	654.848
0.207823	666.017
0.21841	664.233
0.225806	654.852
0.225767	654.883
0.225806	654.862
0.225806	654.847
0.225807	654.859
0.225913	654.771
0.218031	664.345
0.218985	664.043
0.21823	664.286
0.22576	654.866
0.225807	654.853
0.218632	664.161
0.225807	654.859
0.225713	654.893
0.218862	664.081
0.225788	654.865
0.225807	654.855
0.225807	654.855
0.217179	664.582
0.216723	664.692
0.225575	654.977
0.217021	664.622
0.217439	664.514
0.225574	654.959
0.225898	654.767
0.226083	654.621
0.226045	654.665
0.217286	664.553
0.226225	654.478
0.22642	654.317
0.226247	654.482
0.217696	664.444
0.217554	664.482
0.226054	654.623
0.214322	665.197
0.21715	664.59
0.214586	665.149
0.216875	664.659
0.217418	664.519
0.226063	654.65
0.226073	654.633
0.216643	664.715
0.217002	664.627
0.226073	654.633
0.226063	654.643
0.217277	664.557
0.226073	654.639
0.226044	654.652
0.217683	664.447
0.226552	654.182
0.226738	654.029
0.226567	654.18
0.226073	654.647
0.216713	664.698
0.217823	664.408
0.226092	654.617
0.217531	664.488
0.225897	654.75
0.226093	654.621
0.21794	664.373
0.226051	654.654
0.217936	664.374
0.226093	654.617
0.217801	664.414
0.217123	664.597
0.217391	664.527
0.218112	664.323
0.216889	664.655
0.21766	664.454
0.226377	654.358
0.217239	664.566
0.217517	664.493
0.218053	664.34
0.21793	664.377
0.226359	654.361
0.217787	664.42
0.218159	664.309
0.216937	664.646
0.217415	664.521
0.226372	654.342
0.217115	664.599
0.226367	654.357
0.226286	654.429
0.226339	654.394
0.226318	654.402
0.226318	654.421
0.226367	654.374
0.226301	654.43
0.214063	665.242
0.213825	665.284
0.226879	653.895
0.227059	653.751
0.226891	653.894
0.214155	665.227
0.226339	654.397
0.21442	665.18
0.207242	666.063
0.207296	666.062
0.207066	666.077
0.226735	654.034
0.213906	665.27
0.210176	665.799
0.226621	654.142
0.226644	654.114
0.209809	665.84
0.226582	654.167
0.213996	665.256
0.21367	665.311
0.214828	665.102
0.213577	665.326
0.214671	665.133
0.21425	665.211
0.226621	654.128
0.226665	654.07
0.226649	654.078
0.213731	665.3
0.227206	653.621
0.227383	653.487
0.227217	653.622
0.215798	664.907
0.216021	664.859
0.213319	665.371
0.227059	653.758
0.226596	654.167
0.226596	654.16
0.226847	653.939
0.227533	653.365
0.227708	653.241
0.227543	653.363
0.210692	665.738
0.214499	665.165
0.226572	654.19
0.226546	654.201
0.227385	653.484
0.226713	654.012
0.213836	665.285
0.213387	665.359
0.226457	654.249
0.226224	654.444
0.214075	665.242
0.226891	653.904
0.214337	665.195
0.226886	653.871
0.226834	653.953
0.214756	665.118
0.226886	653.898
0.213653	665.315
0.214596	665.149
0.214184	665.224
0.226892	653.909
0.213917	665.27
0.210427	665.769
0.226823	653.964
0.214441	665.177
0.207863	666.013
0.213765	665.296
0.226951	653.806
0.214012	665.253
0.227142	653.693
0.214307	665.2
0.227162	653.654
0.227194	653.641
0.21494	665.084
0.214686	665.132
0.227115	653.72
0.21455	665.157
0.227199	653.601
0.227428	653.458
0.21483	665.103
0.227414	653.48
0.227068	653.739
0.214931	665.086
0.215012	665.069
0.226779	653.976
0.215096	665.051
0.215103	665.052
0.21518	665.035
0.214752	665.119
0.226719	653.998
0.226954	653.833
0.22786	653.129
0.228034	653.015
0.22787	653.125
0.21527	665.018
0.22736	653.507
0.215196	665.034
0.227408	653.447
0.215351	665.001
0.227003	653.767
0.214565	665.154
0.214351	665.193
0.214997	665.072
0.215445	664.984
0.21623	664.812
0.215252	665.022
0.21645	664.76
0.227325	653.5
0.227685	653.271
0.214817	665.107
0.227639	653.301
0.215076	665.057
0.207553	666.036
0.226551	654.135
0.214611	665.145
0.227204	653.637
0.214888	665.093
0.215506	664.97
0.225	656.96
0.225	657.156
0.225	657.254
0.225	657.416
0.227568	653.332
0.225	657.025
0.225	656.947
0.215326	665.007
0.225	654.95
0.227712	653.234
0.227206	653.595
0.215607	664.95
0.226879	653.864
0.22714	653.677
0.225	657.044
0.225	657.317
0.225	657.278
0.225	657.051
0.225	657.028
0.225	655.522
0.215419	664.987
0.227544	653.359
0.225	656.67
0.225	656.526
0.225	656.748
0.225	656.605
0.215513	664.969
0.225	657.278
0.225	656.844
0.225	656.805
0.225	656.51
0.227382	653.473
0.21567	664.936
0.215127	665.045
0.215698	664.929
0.215343	665.001
0.227244	653.553
0.227273	653.547
0.219073	664.01
0.215713	664.929
0.226973	653.789
0.225	656.309
0.225	655.912
0.225	655.914
0.227688	653.246
0.21664	664.718
0.216683	664.707
0.225	656.19
0.227413	653.462
0.225	656.226
0.215605	664.948
0.228188	652.908
0.228361	652.798
0.228197	652.904
0.215588	664.953
0.214122	665.234
0.215384	664.994
0.225	657.092
0.225	656.863
0.225	656.909
0.225	656.679
0.211026	665.695
0.225	657.121
0.225	657.032
0.216817	664.677
0.228039	653.005
0.219039	664.024
0.225	656.299
0.225	655.928
0.225	656.23
0.225	655.801
0.215861	664.895
0.227911	653.111
0.225	656.563
0.225	657.37
0.225	657.248
0.225	656.093
0.228515	652.694
0.228687	652.589
0.228524	652.692
0.21587	664.893
0.217647	664.459
0.215911	664.883
0.225	657.516
0.227873	653.121
0.228842	652.488
0.229014	652.388
0.228851	652.488
0.225	656.471
0.215775	664.914
0.225	656.411
0.225	656.516
0.225	656.737
0.225	656.806
0.225	656.547
0.225	656.351
0.216033	664.855
0.228367	652.788
0.214941	665.082
0.225	656.198
0.216096	664.842
0.214685	665.131
0.216187	664.823
0.229169	652.287
0.229341	652.19
0.229178	652.292
0.225	656.901
0.216079	664.847
0.228695	652.582
0.215201	665.031
0.225	656.351
0.225	656.023
0.225	656.796
0.225	657.175
0.225	657.267
0.215958	664.874
0.225	656.213
0.225	656.525
0.229496	652.09
0.229668	651.996
0.229505	652.1
0.214409	665.182
0.216237	664.811
0.225	656.985
0.216374	664.78
0.229022	652.383
0.229823	651.896
0.229995	651.805
0.229832	651.91
0.225	655.83
0.237673	649.24
0.23756	649.239
0.238	646.886
0.237741	649.245
0.225	656.127
0.225	655.805
0.225	655.869
0.216139	664.834
0.22935	652.192
0.225	655.747
0.225	656.393
0.225	657.283
0.23015	651.706
0.230322	651.617
0.230159	651.721
0.225	656.812
0.225	656.745
0.229677	652.001
0.225	656.283
0.230477	651.519
0.23065	651.433
0.230486	651.536
0.214742	665.119
0.230004	651.813
0.216241	664.81
0.225	656.518
0.215011	665.068
0.225	656.711
0.225	656.428
0.225	656.575
0.225	656.306
0.230804	651.338
0.230977	651.254
0.230813	651.355
0.227696	653.218
0.227533	653.328
0.225	656.543
0.215454	664.979
0.230331	651.628
0.231131	651.163
0.231304	651.082
0.23114	651.18
0.215645	664.94
0.215256	665.018
0.225	656.526
0.230658	651.445
0.225	654.661
0.225	656.972
0.225	656.762
0.225	656.917
0.225	657.186
0.225	657.174
0.225	657.37
0.231458	650.994
0.231631	650.916
0.231467	651.011
0.213899	665.273
0.225	656.929
0.215845	664.898
0.214473	665.17
0.225	657.109
0.215715	664.925
0.230986	651.268
0.215514	664.966
0.225	656.745
0.225	654.692
0.225	655.582
0.231785	650.831
0.231958	650.758
0.231794	650.849
0.225	656.153
0.225	655.839
0.215067	665.057
0.231313	651.097
0.214812	665.105
0.232113	650.678
0.232285	650.607
0.232121	650.693
0.225	656.478
0.23164	650.932
0.211811	665.591
0.225	656.853
0.225	656.321
0.225	657.167
0.23244	650.529
0.232612	650.462
0.232448	650.545
0.21641	664.77
0.231967	650.774
0.216458	664.759
0.216454	664.763
0.225	656.778
0.225	657.063
0.237077	649.272
0.237205	649.255
0.236882	649.281
0.237019	649.266
0.23611	649.394
0.236225	649.366
0.235906	649.422
0.236038	649.394
0.215906	664.884
0.225	657.246
0.225	656.811
0.225	657.276
0.225	657.473
0.232767	650.388
0.232939	650.325
0.232763	650.406
0.225	657.163
0.215327	665.005
0.216035	664.857
0.225	656.554
0.225	656.554
0.225	656.975
0.225	656.025
0.225	657.278
0.225	657.294
0.233421	650.126
0.233257	650.198
0.233586	650.072
0.233375	650.168
0.214513	665.162
0.225	657.375
0.225	657.108
0.233094	650.253
0.233069	650.282
0.237546	649.253
0.237672	649.256
0.238	647.116
0.237704	649.253
0.216571	664.734
0.225	657.411
0.228023	652.994
0.227851	653.13
0.22786	653.091
0.216225	664.815
0.225	657.364
0.225	657.103
0.225	656.737
0.228841	652.464
0.229005	652.375
0.228677	652.575
0.228835	652.5
0.225	656.994
0.229822	651.88
0.229986	651.798
0.229659	651.988
0.229822	651.919
0.214883	665.091
0.215775	664.91
0.215056	665.058
0.225	657.293
0.225	655.768
0.23064	651.427
0.230804	651.325
0.230967	651.249
0.23081	651.36
0.225	657.192
0.225	657.201
0.215583	664.952
0.225	657.011
0.225	656.961
0.231793	650.853
0.231621	650.913
0.231948	650.755
0.231785	650.822
0.237346	649.244
0.237412	649.251
0.225	656.295
0.216102	664.842
0.215962	664.87
0.225	656.441
0.225	656.631
0.23676	649.303
0.23656	649.318
0.236692	649.299
0.225	657.062
0.236428	649.344
0.236365	649.342
0.232775	650.407
0.232602	650.46
0.23293	650.323
0.232766	650.382
0.225	655.99
0.225	656.452
0.225	657.274
0.235787	649.453
0.235586	649.485
0.23571	649.454
0.235383	649.524
0.235261	649.558
0.235481	649.518
0.23516	649.594
0.234938	649.64
0.235056	649.603
0.225	656.267
0.225	656.117
0.233756	650.024
0.233584	650.071
0.233911	649.955
0.233747	650.006
0.225	655.943
0.228202	652.896
0.234196	649.86
0.23428	649.838
0.234566	649.747
0.234402	649.793
0.225	656.963
0.227696	653.25
0.233879	649.961
0.234037	649.918
0.234075	649.897
0.225	657.236
0.233748	650.006
0.23377	650.013
0.225	656.743
0.234737	649.711
0.234565	649.748
0.234892	649.658
0.234729	649.697
0.225	657.443
0.225	655.704
0.216162	664.827
0.235719	649.474
0.235546	649.501
0.235873	649.435
0.23571	649.464
0.216295	664.799
0.21636	664.783
0.22835	652.782
0.228179	652.913
0.228187	652.876
0.2367	649.317
0.236527	649.333
0.236855	649.295
0.236691	649.311
0.225	657.377
0.228507	652.704
0.228514	652.667
0.219171	663.976
0.225	656.683
0.232283	650.624
0.229168	652.265
0.229332	652.18
0.229163	652.303
0.21642	664.768
0.229495	652.071
0.229493	652.11
0.225	655.694
0.216559	664.737
0.216235	664.81
0.230149	651.692
0.230313	651.611
0.230152	651.729
0.230476	651.506
0.230481	651.542
0.216487	664.753
0.231138	651.184
0.231294	651.078
0.231131	651.152
0.225	657.086
0.225	657.342
0.231466	651.015
0.231458	650.983
0.225	656.892
0.225	657.129
0.23212	650.698
0.232275	650.604
0.232112	650.669
0.225	657.382
0.225	657.023
0.225	657.127
0.232448	650.549
0.232439	650.522
0.23484	649.678
0.234729	649.692
0.233102	650.272
0.233257	650.194
0.233093	650.249
0.233429	650.145
0.23342	650.124
0.234083	649.912
0.234238	649.848
0.234074	649.895
0.23441	649.808
0.234401	649.791
0.223135	661.478
0.232984	650.325
0.225	656.673
0.235065	649.624
0.235219	649.575
0.235056	649.611
0.235392	649.544
0.235383	649.533
0.223134	661.48
0.222905	661.715
0.236046	649.412
0.2362	649.379
0.236037	649.402
0.225	656.694
0.236373	649.36
0.236364	649.352
0.225	656.875
0.225	656.581
0.225	656.892
0.225	656.631
0.237027	649.284
0.237182	649.268
0.237018	649.278
0.222901	661.718
0.237354	649.261
0.237345	649.257
0.222902	661.715
0.225	655.93
0.225	655.673
0.222669	661.94
0.222667	661.942
0.225	656.082
0.222668	661.938
0.218219	664.291
0.232639	650.469
0.233226	650.226
0.222435	662.147
0.222669	661.938
0.225	656.668
0.222438	662.147
0.222436	662.146
0.225	657.581
0.232864	650.372
0.222434	662.15
0.232492	650.53
0.225	656.829
0.225	656.935
0.222202	662.34
0.225	656.305
0.225	656.763
0.222208	662.337
0.225	656.916
0.222201	662.342
0.225	657.056
0.225	657.227
0.225	657.434
0.22853	652.684
0.225	656.251
0.225	656.497
0.225	656.326
0.225	655.98
0.221968	662.521
0.228025	653.02
0.222205	662.342
0.228858	652.481
0.225	655.864
0.225	656.87
0.227508	653.357
0.229186	652.285
0.225	656.389
0.225	656.993
0.223135	661.478
0.229013	652.389
0.229513	652.094
0.227529	653.374
0.223134	661.478
0.222905	661.717
0.229341	652.194
0.229841	651.905
0.222901	661.717
0.225	657.34
0.222902	661.72
0.229668	652.002
0.230168	651.717
0.225	656.016
0.222669	661.94
0.222667	661.941
0.229995	651.812
0.230495	651.532
0.232119	650.695
0.222668	661.942
0.230322	651.624
0.230822	651.352
0.222435	662.148
0.222669	661.943
0.230649	651.44
0.222438	662.147
0.231149	651.178
0.225	656.869
0.221971	662.519
0.221969	662.523
0.230976	651.262
0.222436	662.149
0.231476	651.01
0.228355	652.801
0.222201	662.339
0.228684	652.591
0.222434	662.149
0.225	656.503
0.231302	651.09
0.222202	662.341
0.231803	650.848
0.225	657.376
0.222208	662.34
0.225	656.746
0.222201	662.342
0.23163	650.923
0.231958	650.76
0.221968	662.523
0.222204	662.34
0.232332	650.591
0.225	656.72
0.213616	665.322
0.231827	650.819
0.222434	662.147
0.23219	650.648
0.225	657.422
0.232724	650.423
0.221736	662.685
0.231464	650.997
0.22176	662.677
0.221739	662.686
0.221971	662.521
0.225	656.219
0.22197	662.519
0.221969	662.523
0.231139	651.168
0.221709	662.712
0.222201	662.344
0.221587	662.791
0.221967	662.524
0.238	647.248
0.231305	651.073
0.230812	651.344
0.230486	651.527
0.230975	651.248
0.221713	662.703
0.221692	662.716
0.222434	662.152
0.222902	661.723
0.230159	651.714
0.221739	662.688
0.225	656.744
0.218109	664.326
0.225	656.946
0.22197	662.522
0.230646	651.428
0.221706	662.709
0.229832	651.903
0.22141	662.904
0.221967	662.524
0.230317	651.613
0.217883	664.395
0.229505	652.095
0.221492	662.851
0.229989	651.802
0.225	656.638
0.231674	650.884
0.225	656.223
0.229177	652.29
0.221966	662.521
0.225	656.878
0.216436	664.766
0.225	655.369
0.229661	651.992
0.222199	662.341
0.228848	652.489
0.2215	662.849
0.229333	652.184
0.221953	662.531
0.221733	662.688
0.222201	662.346
0.225	657.498
0.230809	651.332
0.221748	662.684
0.231132	651.158
0.230481	651.512
0.231471	650.987
0.230152	651.696
0.229006	652.379
0.225	655.342
0.229824	651.883
0.21292	665.429
0.22852	652.694
0.230011	651.771
0.213297	665.371
0.229497	652.074
0.225	656.712
0.229171	652.266
0.221507	662.845
0.221505	662.845
0.228691	652.575
0.229678	651.964
0.22174	662.666
0.228841	652.462
0.221509	662.847
0.225	655.844
0.221502	662.849
0.229335	652.163
0.221274	662.991
0.229005	652.358
0.221275	662.992
0.221713	662.702
0.229524	652.064
0.221469	662.865
0.229171	652.266
0.213529	665.334
0.228669	652.56
0.238	646.996
0.22174	662.664
0.232047	650.705
0.227559	653.308
0.225	657.157
0.230321	651.594
0.221507	662.844
0.225	657.417
0.225	657.288
0.221505	662.845
0.227847	653.098
0.22757	653.316
0.221509	662.845
0.206891	666.083
0.221502	662.847
0.227853	653.097
0.221274	662.99
0.229886	651.849
0.221275	662.991
0.221738	662.692
0.22806	652.983
0.227705	653.231
0.221469	662.862
0.222666	661.94
0.228088	652.929
0.209894	665.829
0.229989	651.837
0.229661	652.028
0.209279	665.897
0.209028	665.921
0.230319	651.648
0.230646	651.464
0.230975	651.285
0.231303	651.112
0.231131	651.195
0.23163	650.946
0.231458	651.025
0.221256	663.006
0.231957	650.787
0.22127	662.992
0.231785	650.862
0.232284	650.634
0.232112	650.706
0.232611	650.488
0.225	656.498
0.232439	650.557
0.221466	662.868
0.232938	650.349
0.232766	650.414
0.233266	650.217
0.209541	665.868
0.209449	665.878
0.233093	650.279
0.221256	663.004
0.238	647.047
0.23773	649.25
0.238	647.164
0.233593	650.092
0.22127	662.992
0.209362	665.888
0.209629	665.858
0.209283	665.895
0.23342	650.15
0.23392	649.975
0.209362	665.885
0.209726	665.847
0.233748	650.028
0.209192	665.904
0.209999	665.817
0.234247	649.866
0.221505	662.848
0.234075	649.915
0.234574	649.765
0.221042	663.127
0.234402	649.81
0.22104	663.128
0.234901	649.672
0.222668	661.946
0.221048	663.124
0.23473	649.713
0.221038	663.128
0.235228	649.587
0.220808	663.254
0.235057	649.624
0.220805	663.257
0.235555	649.511
0.221037	663.13
0.221267	662.998
0.235385	649.544
0.235882	649.444
0.235714	649.471
0.236209	649.386
0.221042	663.125
0.22104	663.127
0.236065	649.403
0.221048	663.121
0.236536	649.338
0.221038	663.128
0.220808	663.253
0.220841	663.236
0.236863	649.3
0.23639	649.351
0.220804	663.257
0.220805	663.256
0.221037	663.129
0.23719	649.272
0.221267	662.993
0.2367	649.313
0.221197	663.048
0.237518	649.255
0.237027	649.28
0.237805	649.252
0.237354	649.256
0.221006	663.146
0.220573	663.378
0.221205	663.028
0.220571	663.378
0.223382	661.21
0.220567	663.384
0.236871	649.286
0.223157	661.459
0.23661	649.314
0.220568	663.378
0.220339	663.491
0.230804	651.371
0.236289	649.357
0.237707	649.247
0.220841	663.234
0.23719	649.257
0.22034	663.493
0.220804	663.257
0.236869	649.281
0.220653	663.328
0.220803	663.259
0.220925	663.188
0.221197	663.045
0.210268	665.787
0.237583	649.24
0.238	647.237
0.220768	663.276
0.235903	649.424
0.221031	663.131
0.221275	662.987
0.220573	663.376
0.220571	663.377
0.235549	649.497
0.220567	663.382
0.23522	649.573
0.220568	663.378
0.234893	649.656
0.220339	663.49
0.22034	663.492
0.235064	649.606
0.234565	649.749
0.220653	663.326
0.220803	663.258
0.237718	649.234
0.238	646.549
0.220925	663.186
0.237637	649.254
0.233577	650.09
0.234737	649.693
0.234238	649.849
0.234564	649.756
0.23441	649.788
0.233911	649.958
0.220797	663.261
0.234083	649.892
0.233584	650.074
0.233756	650.003
0.233257	650.199
0.231945	650.752
0.231702	650.869
0.233429	650.123
0.23293	650.33
0.210516	665.757
0.210779	665.726
0.232603	650.469
0.232276	650.615
0.205435	666.168
0.231949	650.767
0.210622	665.745
0.231622	650.926
0.210859	665.715
0.222899	661.716
0.211101	665.685
0.231295	651.092
0.230969	651.268
0.21035	665.776
0.211368	665.651
0.210952	665.704
0.238	647.605
0.237828	649.244
0.238	647.099
0.210686	665.736
0.231484	650.982
0.233102	650.25
0.237703	649.241
0.238	646.88
0.231789	650.829
0.237727	649.241
0.238	647.067
0.210427	665.767
0.230493	651.547
0.230639	651.45
0.232118	650.674
0.23113	651.166
0.211204	665.672
0.237615	649.234
0.21017	665.796
0.210498	665.757
0.210766	665.726
0.232446	650.525
0.210099	665.806
0.210271	665.785
0.237771	649.236
0.238	647.1
0.232774	650.384
0.210341	665.776
0.210003	665.814
0.23076	651.368
0.235391	649.528
0.209909	665.825
0.231664	650.884
0.231381	651.029
0.209819	665.836
0.210607	665.746
0.230851	651.305
0.210081	665.805
0.231955	650.742
0.209743	665.843
0.211016	665.695
0.230434	651.55
0.232284	650.591
0.209821	665.833
0.210156	665.796
0.228028	653.027
0.210442	665.765
0.232611	650.447
0.210829	665.718
0.209921	665.823
0.232439	650.52
0.232939	650.31
0.209641	665.854
0.210674	665.737
0.210258	665.785
0.232766	650.379
0.233266	650.18
0.209995	665.814
0.209654	665.851
0.233093	650.246
0.209559	665.861
0.233593	650.057
0.233421	650.12
0.23392	649.943
0.211471	665.638
0.210521	665.755
0.211281	665.662
0.234247	649.837
0.21109	665.686
0.234573	649.738
0.21094	665.706
0.2349	649.647
0.210763	665.726
0.209733	665.843
0.235227	649.566
0.210331	665.776
0.210596	665.746
0.211009	665.696
0.234736	649.692
0.233749	650.002
0.235734	649.456
0.211193	665.674
0.235554	649.493
0.235066	649.606
0.234407	649.787
0.211357	665.652
0.210846	665.716
0.21009	665.804
0.234077	649.89
0.211461	665.639
0.232112	650.668
0.211277	665.663
0.23537	649.532
0.209472	665.87
0.234569	649.738
0.211629	665.616
0.234897	649.647
0.209812	665.834
0.235217	649.566
0.21111	665.684
0.23424	649.838
0.211547	665.627
0.23568	649.467
0.21164	665.616
0.210689	665.735
0.233913	649.945
0.210944	665.704
0.233584	650.06
0.233257	650.183
0.233428	650.12
0.23293	650.313
0.211359	665.652
0.211203	665.672
0.210429	665.765
0.21154	665.629
0.211729	665.603
0.210191	665.793
0.232604	650.451
0.237578	649.242
0.209924	665.823
0.211693	665.608
0.232278	650.599
0.231833	650.804
0.210791	665.722
0.2331	650.247
0.232416	650.539
0.210552	665.751
0.232771	650.385
0.233756	650
0.2103	665.78
0.23256	650.482
0.210019	665.811
0.211031	665.692
0.209755	665.84
0.232936	650.324
0.210182	665.792
0.210424	665.765
0.233266	650.189
0.210637	665.74
0.233592	650.065
0.210879	665.711
0.211282	665.661
0.23343	650.138
0.211112	665.682
0.233922	649.948
0.234066	649.892
0.210709	665.731
0.2331	650.27
0.233759	650.015
0.210944	665.702
0.210459	665.761
0.210496	665.756
0.211614	665.618
0.234096	649.902
0.210786	665.721
0.211161	665.674
0.211777	665.597
0.234248	649.842
0.210245	665.785
0.211448	665.64
0.211013	665.692
0.234394	649.789
0.210599	665.741
0.233917	649.968
0.211363	665.65
0.234377	649.808
0.234716	649.695
0.211535	665.628
0.234548	649.748
0.214301	665.202
0.214213	665.217
0.214106	665.237
0.235516	649.497
0.211694	665.607
0.214657	665.134
0.211609	665.618
0.235032	649.609
0.234239	649.864
0.211403	665.644
0.234865	649.66
0.234703	649.713
0.234565	649.765
0.211768	665.597
0.211865	665.585
0.229327	652.226
0.228513	652.662
0.234418	649.808
0.212021	665.563
0.23489	649.674
0.234108	649.904
0.211938	665.574
0.235019	649.628
0.234738	649.716
0.212105	665.551
0.212008	665.564
0.211938	665.574
0.211827	665.588
0.235017	649.637
0.235179	649.597
0.235173	649.578
0.212179	665.54
0.212197	665.539
0.212278	665.527
0.228845	652.463
0.230203	651.662
0.211222	665.667
0.21236	665.514
0.21165	665.611
0.212442	665.502
0.236564	649.315
0.212246	665.529
0.209859	665.829
0.212067	665.554
0.237193	649.255
0.235344	649.549
0.211886	665.579
0.237476	649.241
0.21087	665.709
0.211414	665.642
0.211686	665.603
0.212621	665.476
0.212139	665.544
0.21253	665.49
0.212315	665.519
0.235357	649.531
0.2121	665.551
0.212494	665.493
0.235498	649.504
0.211867	665.584
0.212704	665.463
0.235659	649.465
0.212777	665.452
0.235647	649.482
0.21287	665.438
0.235825	649.437
0.212769	665.452
0.235492	649.524
0.228222	652.855
0.228037	652.998
0.212455	665.501
0.235966	649.419
0.212712	665.463
0.235808	649.458
0.235343	649.559
0.212576	665.481
0.228204	652.861
0.212367	665.514
0.235655	649.488
0.211142	665.677
0.235868	649.432
0.212614	665.476
0.212285	665.525
0.236142	649.38
0.212958	665.424
0.23596	649.429
0.235959	649.407
0.209658	665.851
0.21255	665.487
0.236122	649.401
0.212881	665.437
0.212972	665.423
0.213041	665.412
0.236293	649.374
0.236276	649.367
0.209464	665.871
0.21323	665.383
0.213134	665.398
0.236428	649.352
0.236412	649.334
0.236264	649.355
0.213298	665.371
0.213194	665.386
0.213139	665.396
0.21302	665.412
0.236604	649.321
0.2366	649.33
0.209393	665.878
0.212358	665.513
0.213386	665.357
0.213405	665.354
0.211896	665.58
0.21349	665.341
0.236753	649.311
0.213562	665.328
0.236093	649.388
0.212042	665.56
0.21365	665.314
0.2358	649.439
0.212875	665.434
0.236936	649.293
0.213454	665.345
0.236932	649.284
0.209568	665.86
0.212809	665.448
0.236752	649.292
0.21375	665.298
0.213282	665.372
0.236591	649.309
0.236421	649.337
0.213149	665.392
0.21359	665.326
0.213068	665.408
0.235931	649.42
0.212773	665.452
0.236194	649.375
0.237077	649.279
0.213044	665.41
0.236719	649.298
0.213371	665.358
0.236907	649.274
0.213538	665.331
0.230312	651.632
0.230527	651.484
0.210255	665.784
0.237066	649.261
0.213329	665.366
0.209963	665.816
0.237249	649.257
0.237265	649.267
0.21274	665.458
0.212453	665.499
0.21382	665.284
0.213663	665.311
0.212221	665.534
0.236564	649.322
0.212974	665.421
0.212639	665.472
0.237236	649.247
0.237047	649.266
0.212904	665.432
0.213717	665.301
0.21324	665.38
0.236892	649.285
0.237404	649.258
0.236387	649.342
0.236731	649.301
0.213928	665.267
0.237411	649.239
0.214011	665.253
0.237212	649.259
0.21181	665.592
0.213906	665.27
0.213164	665.391
0.213499	665.337
0.209591	665.857
0.212379	665.51
0.209488	665.868
0.236069	649.394
0.213316	665.369
0.211972	665.569
0.237375	649.245
0.213594	665.324
0.213424	665.35
0.231129	651.159
0.213091	665.403
0.212811	665.445
0.211957	665.567
0.213333	665.363
0.237028	649.271
0.213856	665.279
0.213265	665.374
0.213599	665.32
0.214084	665.239
0.213686	665.306
0.213801	665.287
0.213766	665.293
0.213588	665.324
0.212561	665.483
0.213001	665.416
0.212141	665.545
0.237541	649.245
0.237356	649.249
0.213978	665.257
0.214271	665.207
0.212501	665.494
0.21417	665.224
0.201087	666.383
0.208322	665.983
0.208527	665.966
0.209385	665.879
0.212056	665.557
0.214187	665.221
0.209454	665.875
0.214344	665.193
0.21424	665.212
0.214054	665.243
0.214447	665.175
0.214533	665.159
0.228998	652.423
0.214428	665.178
0.209293	665.888
0.22867	652.622
0.213525	665.332
0.228342	652.82
0.209301	665.887
0.213859	665.276
0.228509	652.719
0.209209	665.896
0.228256	652.873
0.209126	665.904
0.214608	665.145
0.212308	665.521
0.208946	665.921
0.20938	665.881
0.209048	665.912
0.209215	665.897
0.22819	652.909
0.212742	665.456
0.228362	652.781
0.21386	665.273
0.214117	665.234
0.212229	665.53
0.228798	652.547
0.227861	653.133
0.214794	665.111
0.214691	665.128
0.230637	651.417
0.214502	665.164
0.214278	665.205
0.213949	665.262
0.228563	652.674
0.228371	652.75
0.230174	651.698
0.20762	666.037
0.212234	665.532
0.208111	665.993
0.212488	665.495
0.230164	651.733
0.20799	666.002
0.229841	651.919
0.230034	651.795
0.213786	665.289
0.229468	652.14
0.229697	651.986
0.213168	665.389
0.210327	665.773
0.228517	652.664
0.228373	652.774
0.209696	665.846
0.213452	665.344
0.229378	652.175
0.213349	665.36
0.213696	665.303
0.209109	665.913
0.229122	652.351
0.228884	652.476
0.213623	665.316
0.213961	665.258
0.214034	665.245
0.207286	666.059
0.213885	665.272
0.213542	665.33
0.228687	652.578
0.214146	665.226
0.213809	665.286
0.22903	652.374
0.229176	652.303
0.214222	665.212
0.214058	665.241
0.207253	666.058
0.214374	665.188
0.213456	665.345
0.213976	665.257
0.214325	665.194
0.207014	666.075
0.214408	665.179
0.214711	665.126
0.213696	665.304
0.214869	665.095
0.223134	661.482
0.209042	665.913
0.214243	665.209
0.214799	665.107
0.21362	665.319
0.213882	665.274
0.214184	665.22
0.213799	665.29
0.214033	665.247
0.214675	665.132
0.213683	665.31
0.214124	665.231
0.230965	651.241
0.223137	661.484
0.231278	651.08
0.21395	665.264
0.231555	650.938
0.214415	665.178
0.214484	665.165
0.2143	665.198
0.209562	665.863
0.213809	665.289
0.214499	665.163
0.218955	664.053
0.214131	665.228
0.214403	665.183
0.214594	665.145
0.222436	662.153
0.214975	665.076
0.210047	665.807
0.215056	665.06
0.208864	665.929
0.214951	665.079
0.214892	665.092
0.214626	665.141
0.215132	665.044
0.215236	665.024
0.215318	665.008
0.215214	665.027
0.223141	661.482
0.21506	665.056
0.214304	665.201
0.215161	665.04
0.214947	665.08
0.215394	664.992
0.2155	664.971
0.21558	664.954
0.21529	665.012
0.215423	664.987
0.214023	665.249
0.215475	664.977
0.214213	665.216
0.214389	665.183
0.209348	665.882
0.215657	664.938
0.215761	664.916
0.215218	665.028
0.214478	665.168
0.215685	664.933
0.209121	665.906
0.215842	664.898
0.215711	664.925
0.21549	664.973
0.215919	664.882
0.216025	664.859
0.216105	664.841
0.215948	664.876
0.21661	664.724
0.215965	664.87
0.216178	664.824
0.216287	664.8
0.215762	664.91
0.223143	661.47
0.216367	664.781
0.216231	664.811
0.208775	665.937
0.209187	665.899
0.208683	665.945
0.21467	665.13
0.208601	665.952
0.20878	665.937
0.208838	665.932
0.208505	665.961
0.20858	665.954
0.208869	665.929
0.209386	665.878
0.208949	665.922
0.219201	663.964
0.209114	665.907
0.215328	665.005
0.214565	665.153
0.209282	665.891
0.208849	665.931
0.21621	664.818
0.21507	665.056
0.208682	665.945
0.209019	665.917
0.216431	664.767
0.208582	665.954
0.215854	664.896
0.208753	665.941
0.209187	665.901
0.214566	665.15
0.20892	665.927
0.214655	665.135
0.215591	664.952
0.2091	665.911
0.208513	665.96
0.216034	664.851
0.208415	665.968
0.208419	665.968
0.208671	665.949
0.21655	664.739
0.21663	664.72
0.220303	663.51
0.220336	663.492
0.220382	663.468
0.216473	664.757
0.208513	665.962
0.20834	665.974
0.216129	664.837
0.216695	664.705
0.216813	664.675
0.216448	664.762
0.220563	663.381
0.216735	664.695
0.216392	664.777
0.220303	663.507
0.220336	663.492
0.220382	663.465
0.209533	665.862
0.220565	663.38
0.2098	665.834
0.216893	664.655
0.216656	664.715
0.214743	665.119
0.20825	665.981
0.208352	665.975
0.216275	664.801
0.216919	664.65
0.216998	664.63
0.21682	664.674
0.21654	664.74
0.216016	664.859
0.217076	664.61
0.208835	665.936
0.217181	664.584
0.21726	664.562
0.217156	664.589
0.216972	664.633
0.208243	665.983
0.216849	664.666
0.20817	665.989
0.208069	665.998
0.208328	665.976
0.208091	665.996
0.208248	665.984
0.208405	665.972
0.208569	665.959
0.207811	666.017
0.208173	665.991
0.207991	666.004
0.218329	664.255
0.20902	665.92
0.208758	665.944
0.208341	665.979
0.221526	662.832
0.207742	666.023
0.207906	666.012
0.208496	665.967
0.218415	664.231
0.208077	666
0.208654	665.948
0.20823	665.989
0.218855	664.085
0.20868	665.952
0.208393	665.976
0.207969	666.009
0.208141	665.997
0.207808	666.02
0.207713	666.029
0.207876	666.017
0.208925	665.929
0.208592	665.96
0.208847	665.937
0.207493	666.042
0.20766	666.03
0.221427	662.89
0.208765	665.945
0.207556	666.039
0.207418	666.051
0.214823	665.105
0.207349	666.054
0.207417	666.048
0.207175	666.065
0.217083	664.608
0.217338	664.541
0.217217	664.573
0.208411	665.969
0.208141	665.993
0.207919	666.011
0.207972	666.006
0.207717	666.026
0.207505	666.042
0.220955	663.17
0.207738	666.025
0.207481	666.045
0.207681	666.031
0.207433	666.05
0.208167	665.991
0.207377	666.055
0.20793	666.01
0.207617	666.036
0.207586	666.04
0.20788	666.015
0.207826	666.02
0.208128	665.994
0.208086	665.999
0.207758	666.027
0.207523	666.045
0.20803	666.003
0.207338	666.057
0.207609	666.038
0.207881	666.016
0.208305	665.98
0.208358	665.975
0.208397	665.972
0.208274	665.983
0.208633	665.95
0.208153	665.993
0.208629	665.951
0.208597	665.953
0.208483	665.964
0.208865	665.929
0.208861	665.929
0.208425	665.971
0.215357	664.997
0.222907	661.721
0.222909	661.72
0.222906	661.721
0.222669	661.945
0.222676	661.942
0.216057	664.849
0.222909	661.719
0.222438	662.152
0.217121	664.599
0.222674	661.942
0.222906	661.719
0.22268	661.938
0.222902	661.72
0.222674	661.943
0.222681	661.936
0.22244	662.151
0.222912	661.711
0.222446	662.146
0.222676	661.936
0.222442	662.15
0.222446	662.144
0.222444	662.143
0.222211	662.337
0.22244	662.144
0.222682	661.93
0.222431	662.148
0.222908	661.708
0.222217	662.336
0.222212	662.335
0.216305	664.792
0.222916	661.705
0.22198	662.516
0.221978	662.516
0.22268	661.931
0.221501	662.845
0.210055	665.806
0.222208	662.335
0.22221	662.341
0.222443	662.141
0.221979	662.518
0.22221	662.342
0.221981	662.513
0.216577	664.732
0.216783	664.685
0.216728	664.697
0.221976	662.52
0.221752	662.681
0.217176	664.586
0.216927	664.651
0.217361	664.537
0.221746	662.684
0.22175	662.684
0.221747	662.681
0.221515	662.839
0.209296	665.886
0.221514	662.841
0.209104	665.906
0.221748	662.685
0.221516	662.838
0.221515	662.841
0.221282	662.986
0.222204	662.345
0.221281	662.985
0.221522	662.834
0.221985	662.518
0.221744	662.682
0.221281	662.987
0.221513	662.841
0.221743	662.687
0.221976	662.515
0.209123	665.904
0.22221	662.335
0.221747	662.682
0.221284	662.986
0.217436	664.515
0.214746	665.116
0.22196	662.523
0.216983	664.633
0.221286	662.982
0.222438	662.144
0.221062	663.118
0.221048	663.123
0.221046	663.123
0.221284	662.985
0.221513	662.837
0.221969	662.524
0.22105	663.12
0.221054	663.116
0.221283	662.982
0.221273	662.987
0.221492	662.847
0.220841	663.236
0.221063	663.115
0.222202	662.346
0.220108	663.599
0.220106	663.599
0.22011	663.598
0.220104	663.599
0.219874	663.698
0.22081	663.252
0.219871	663.701
0.220102	663.596
0.220333	663.489
0.220834	663.242
0.220108	663.596
0.220106	663.597
0.22011	663.596
0.220104	663.598
0.219874	663.696
0.219871	663.7
0.220102	663.601
0.220309	663.505
0.217444	664.514
0.217523	664.492
0.217342	664.541
0.217602	664.469
0.217706	664.442
0.217786	664.419
0.217696	664.443
0.217392	664.533
0.217628	664.465
0.217864	664.397
0.21797	664.366
0.218049	664.342
0.217891	664.39
0.219913	663.684
0.217664	664.45
0.219869	663.699
0.21725	664.565
0.218128	664.319
0.218232	664.287
0.218154	664.311
0.217913	664.382
0.217783	664.42
0.217513	664.495
0.220138	663.577
0.218075	664.337
0.22037	663.475
0.218312	664.263
0.218385	664.24
0.218437	664.223
0.219913	663.681
0.218494	664.206
0.218207	664.298
0.219869	663.7
0.218701	664.137
0.218541	664.192
0.218396	664.237
0.208731	665.94
0.21872	664.132
0.208696	665.947
0.216289	664.8
0.218706	664.139
0.220064	663.616
0.220149	663.573
0.219639	663.797
0.219636	663.797
0.219656	663.789
0.219654	663.788
0.219404	663.889
0.219406	663.889
0.219906	663.683
0.219838	663.721
0.219977	663.656
0.219639	663.795
0.219636	663.796
0.219656	663.787
0.219634	663.797
0.219404	663.887
0.219406	663.888
0.219868	663.7
0.219838	663.718
0.219379	663.901
0.219374	663.899
0.219566	663.835
0.21989	663.69
0.20482	666.196
0.20462	666.205
0.219705	663.768
0.22197	662.525
0.219232	663.955
0.220833	663.24
0.219379	663.899
0.219154	663.984
0.219401	663.888
0.219566	663.832
0.221523	662.838
0.221064	663.117
0.2187	664.14
0.218479	664.218
0.219465	663.865
0.219249	663.946
0.219632	663.798
0.217936	664.365
0.219173	663.974
0.219171	663.974
0.219169	663.976
0.21794	664.373
0.21823	664.288
0.219169	663.975
0.218939	664.057
0.220821	663.249
0.218936	664.058
0.219167	663.976
0.219399	663.889
0.209387	665.877
0.205164	666.18
0.209649	665.85
0.21894	664.052
0.218934	664.059
0.20989	665.825
0.219295	663.935
0.219295	663.932
0.21917	663.974
0.219402	663.89
0.217625	664.468
0.218751	664.111
0.218933	664.059
0.219023	664.022
0.2091	665.906
0.218932	664.057
0.221545	662.82
0.218697	664.142
0.20924	665.892
0.209512	665.864
0.209783	665.836
0.208869	665.928
0.220809	663.25
0.208968	665.921
0.221025	663.129
0.221031	663.13
0.221742	662.689
0.221286	662.983
0.221731	662.692
0.22152	662.836
0.220258	663.528
0.221539	662.828
0.22105	663.12
0.221296	662.976
0.220579	663.37
0.221068	663.113
0.220837	663.24
0.221075	663.107
0.220823	663.246
0.220841	663.236
0.22131	662.969
0.220623	663.353
0.220846	663.231
0.221083	663.1
0.220828	663.246
0.220615	663.357
0.220604	663.362
0.220591	663.367
0.22059	663.37
0.220372	663.477
0.221303	662.972
0.220356	663.484
0.220609	663.354
0.220308	663.505
0.221289	662.979
0.221104	663.089
0.220884	663.214
0.220638	663.342
0.220889	663.206
0.220677	663.324
0.220391	663.462
0.220393	663.465
0.220437	663.444
0.220376	663.473
0.221141	663.068
0.215757	664.916
0.220694	663.313
0.220452	663.434
0.220947	663.182
0.220133	663.587
0.220473	663.422
0.220717	663.299
0.220385	663.469
0.221181	663.045
0.220164	663.572
0.220146	663.579
0.220143	663.581
0.220184	663.564
0.219932	663.674
0.219934	663.674
0.220229	663.54
0.220214	663.547
0.220527	663.399
0.214827	665.102
0.220188	663.559
0.219991	663.647
0.219941	663.67
0.219988	663.649
0.219965	663.658
0.219931	663.676
0.2201	663.601
0.219951	663.665
0.214897	665.088
0.219706	663.766
0.219715	663.765
0.21972	663.761
0.219484	663.856
0.21948	663.857
0.21949	663.855
0.219717	663.765
0.219486	663.854
0.219274	663.939
0.21973	663.757
0.219249	663.943
0.222195	662.342
0.219711	663.767
0.219502	663.85
0.219276	663.936
0.219496	663.853
0.219278	663.937
0.219253	663.941
0.219052	664.019
0.219284	663.934
0.219038	664.022
0.21903	664.023
0.221728	662.69
0.218798	664.103
0.219059	664.014
0.219044	664.02
0.219055	664.017
0.219509	663.85
0.219285	663.934
0.218824	664.098
0.220626	663.348
0.218828	664.096
0.219063	664.014
0.219291	663.931
0.2197	663.771
0.219499	663.852
0.219908	663.685
0.219703	663.773
0.219301	663.93
0.219881	663.695
0.219475	663.861
0.219659	663.785
0.220054	663.621
0.219882	663.693
0.218817	664.098
0.219437	663.873
0.219668	663.782
0.21926	663.943
0.219189	663.965
0.219436	663.877
0.219079	664.008
0.219927	663.673
0.218819	664.099
0.216719	664.698
0.220125	663.589
0.218853	664.088
0.218602	664.17
0.219116	663.997
0.218992	664.041
0.218881	664.076
0.218604	664.171
0.216676	664.707
0.218635	664.161
0.216498	664.749
0.218666	664.149
0.204892	666.192
0.218614	664.168
0.219693	663.77
0.220388	663.467
0.218373	664.244
0.218603	664.17
0.218386	664.24
0.218402	664.235
0.218597	664.172
0.218374	664.244
0.219508	663.847
0.21843	664.226
0.218589	664.173
0.220202	663.553
0.218135	664.319
0.218824	664.095
0.218424	664.23
0.218365	664.246
0.220002	663.641
0.218607	664.168
0.219023	664.027
0.218142	664.316
0.219157	663.979
0.214862	665.095
0.21905	664.017
0.218946	664.053
0.218455	664.218
0.218173	664.307
0.218705	664.136
0.219273	663.935
0.219749	663.75
0.21493	665.081
0.219503	663.847
0.21906	664.013
0.218842	664.09
0.218396	664.237
0.21929	663.931
0.218207	664.296
0.219743	663.753
0.218858	664.086
0.21907	664.011
0.218624	664.163
0.219364	663.903
0.218177	664.302
0.220453	663.433
0.220279	663.519
0.217958	664.37
0.217894	664.389
0.217926	664.38
0.21824	664.285
0.218493	664.206
0.219846	663.707
0.218721	664.13
0.217995	664.359
0.218278	664.272
0.218028	664.349
0.217745	664.431
0.21771	664.442
0.217779	664.421
0.218526	664.191
0.21753	664.49
0.217813	664.411
0.217675	664.452
0.218064	664.335
0.217497	664.5
0.217678	664.448
0.21835	664.25
0.217567	664.48
0.217844	664.4
0.219619	663.798
0.21746	664.51
0.2176	664.472
0.217317	664.547
0.217282	664.557
0.217351	664.539
0.218137	664.314
0.217247	664.567
0.217069	664.612
0.21874	664.122
0.217102	664.604
0.217345	664.539
0.217558	664.48
0.217032	664.622
0.217213	664.576
0.22126	662.994
0.216998	664.631
0.217093	664.607
0.216819	664.674
0.216853	664.664
0.217426	664.521
0.216899	664.654
0.216964	664.64
0.221963	662.522
0.220367	663.474
0.222664	661.939
0.221731	662.689
0.221498	662.845
0.221496	662.847
0.216765	664.684
0.216892	664.656
0.215873	664.89
0.215609	664.945
0.215131	665.042
0.215388	664.99
0.218469	664.214
0.21632	664.788
0.216614	664.72
0.214801	665.109
0.216479	664.755
0.220554	663.381
0.220651	663.333
0.215005	665.067
0.219186	663.968
0.215193	665.03
0.215086	665.051
0.215001	665.07
0.21527	665.015
0.215438	664.979
0.215345	665
0.215164	665.037
0.215233	665.023
0.215531	664.962
0.215422	664.985
0.215605	664.947
0.215715	664.924
0.215769	664.91
0.215641	664.938
0.215681	664.931
0.215809	664.903
0.21549	664.971
0.215867	664.892
0.215941	664.876
0.216127	664.835
0.216036	664.853
0.216199	664.819
0.216302	664.794
0.216388	664.776
0.21623	664.811
0.215972	664.869
0.216175	664.822
0.216801	664.677
0.216462	664.759
0.216559	664.734
0.218931	664.059
0.21665	664.715
0.215881	664.887
0.216489	664.752
0.216141	664.831
0.216039	664.854
0.216395	664.773
0.216305	664.794
0.216661	664.71
0.216751	664.69
0.21657	664.731
0.216825	664.671
0.216835	664.666
0.216926	664.646
0.217011	664.625
0.216893	664.654
0.221266	662.992
0.221263	662.992
0.217077	664.607
0.217084	664.607
0.217103	664.6
0.217186	664.58
0.217273	664.558
0.217345	664.539
0.217159	664.588
0.217533	664.489
0.21742	664.518
0.217419	664.519
0.217604	664.469
0.217716	664.438
0.217794	664.415
0.218651	664.152
0.217866	664.396
0.217106	664.602
0.220065	663.614
0.217982	664.36
0.217752	664.424
0.218055	664.34
0.217327	664.54
0.217538	664.486
0.218005	664.354
0.217299	664.548
0.218127	664.319
0.217992	664.357
0.218244	664.283
0.218317	664.261
0.218389	664.238
0.218194	664.299
0.218506	664.203
0.218578	664.178
0.2184	664.236
0.218672	664.147
0.218767	664.115
0.218839	664.091
0.218481	664.207
0.219105	663.998
0.218963	664.047
0.21865	664.156
0.219029	664.025
0.221251	662.999
0.221031	663.129
0.221028	663.13
0.216714	664.702
0.221033	663.131
0.220798	663.259
0.219387	663.892
0.219151	663.982
0.220796	663.258
0.220793	663.258
0.220758	663.275
0.220563	663.378
0.220561	663.379
0.220565	663.38
0.220331	663.491
0.220328	663.492
0.220557	663.38
0.220325	663.493
0.220332	663.494
0.220095	663.599
0.220093	663.6
0.220098	663.595
0.218693	664.139
0.218928	664.058
0.217757	664.426
0.219863	663.699
0.21986	663.701
0.220089	663.602
0.21825	664.279
0.219858	663.702
0.219905	663.68
0.219628	663.797
0.219625	663.798
0.219625	663.799
0.219395	663.89
0.219393	663.889
0.217321	664.544
0.219622	663.799
0.21939	663.89
0.219362	663.903
0.21916	663.976
0.219158	663.977
0.219162	663.975
0.218925	664.059
0.219154	663.978
0.218922	664.06
0.21869	664.139
0.218458	664.214
0.218687	664.142
0.218455	664.217
0.218223	664.288
0.220322	663.498
0.21799	664.358
0.218219	664.292
0.217987	664.359
0.219854	663.704
0.217755	664.426
0.217522	664.489
0.220532	663.393
0.221003	663.141
0.21752	664.489
0.220154	663.579
0.218919	664.062
0.219511	663.844
0.219101	663.998
0.219184	663.971
0.219741	663.754
0.218415	664.229
0.219299	663.926
0.220002	663.643
0.220563	663.382
0.220764	663.276
0.219363	663.903
0.220272	663.52
0.22131	662.965
0.220747	663.284
0.218914	664.063
0.221256	662.998
0.219552	663.828
0.219625	663.804
0.219814	663.723
0.220075	663.61
0.220938	663.184
0.221143	663.063
0.216494	664.753
0.220326	663.495
0.221482	662.863
0.220534	663.394
0.22139	662.916
0.216649	664.716
0.238	647.017
0.225	658.355
0.2	666.476
0.223371	661.222
0.201631	666.344
0.218208	664.294
0.238	647.115
0.2	666.479
0.201631	666.35
0.223371	661.225
0.206251	666.127
0.225	657.669
0.212229	665.537
0.216305	664.797
0.21386	665.28
0.204348	666.217
)
