(title "Wall Temperature")
(labels "Position" "Wall Temperature")

((xy/key/label "reducer_fluid")
0.461224	599.656
0.458789	599.933
0.460619	599.748
0.421174	604.353
0.420577	604.46
0.42076	604.442
0.547457	597.395
0.546536	597.398
0.547098	597.412
0.507161	596.855
0.505182	596.877
0.505863	596.861
0.552033	597.467
0.551272	597.46
0.551605	597.47
0.452935	600.616
0.450726	600.889
0.451505	600.78
0.548213	597.401
0.547919	597.418
0.463415	599.418
0.462497	599.524
0.435522	602.816
0.433768	603.037
0.434576	602.932
0.56561	597.249
0.564856	597.255
0.564939	597.242
0.558071	597.304
0.556935	597.324
0.557431	597.299
0.560634	597.243
0.55993	597.267
0.560185	597.282
0.564202	597.256
0.432012	603.253
0.432927	603.14
0.566498	597.2
0.565802	597.239
0.549558	597.435
0.548917	597.423
0.549351	597.443
0.502975	596.92
0.503885	596.893
0.454387	600.44
0.453296	600.559
0.567273	597.143
0.566671	597.216
0.553849	597.413
0.552961	597.452
0.553467	597.493
0.437157	602.601
0.436229	602.716
0.550569	597.432
0.550792	597.447
0.548664	597.428
0.430156	603.468
0.431282	603.346
0.563685	597.281
0.564146	597.292
0.540093	597.267
0.538811	597.232
0.539665	597.239
0.509138	596.841
0.507842	596.85
0.487088	597.477
0.484853	597.613
0.486095	597.534
0.568718	596.978
0.568047	597.064
0.568255	597.095
0.42593	603.92
0.424734	604.03
0.425406	603.973
0.559065	597.279
0.558417	597.289
0.567499	597.176
0.552513	597.498
0.489064	597.373
0.488073	597.417
0.427268	603.789
0.426653	603.854
0.438792	602.391
0.437887	602.501
0.440433	602.182
0.439552	602.289
0.537826	597.2
0.538487	597.216
0.561304	597.251
0.560915	597.271
0.514593	596.812
0.512634	596.827
0.513776	596.815
0.550078	597.442
0.442075	601.974
0.441223	602.078
0.545496	597.388
0.54617	597.406
0.465332	599.215
0.464396	599.314
0.554709	597.4
0.554436	597.456
0.556175	597.38
0.556435	597.354
0.521981	596.874
0.520128	596.868
0.521158	596.873
0.482962	597.722
0.484117	597.664
0.550047	597.462
0.57	599.83
0.569552	596.893
0.57	599.905
0.535405	597.102
0.534114	597.066
0.534816	597.067
0.530097	596.98
0.528565	596.95
0.529327	596.957
0.510892	596.832
0.509822	596.835
0.523763	596.889
0.522867	596.89
0.536721	597.153
0.536074	597.109
0.500778	596.96
0.501907	596.934
0.526931	596.925
0.527808	596.933
0.541169	597.295
0.54081	597.261
0.467712	598.98
0.466318	599.112
0.525449	596.903
0.52458	596.906
0.42375	604.112
0.424287	604.068
0.532873	597.039
0.533518	597.033
0.511803	596.827
0.422788	604.19
0.421846	604.277
0.422382	604.226
0.490545	597.295
0.490049	597.322
0.421547	604.31
0.498556	597.004
0.49646	597.063
0.497954	597.028
0.544557	597.341
0.545152	597.368
0.428575	603.648
0.429642	603.541
0.44357	601.778
0.442902	601.87
0.541956	597.324
0.541905	597.306
0.45743	600.089
0.458761	599.958
0.516403	596.825
0.515721	596.811
0.569172	596.943
0.568908	597.005
0.526237	596.917
0.492258	597.222
0.492026	597.222
0.494099	597.146
0.495978	597.095
0.49993	596.974
0.55936	597.291
0.561988	597.242
0.561581	597.278
0.476959	598.164
0.475339	598.287
0.476194	598.231
0.481059	597.851
0.482138	597.787
0.537291	597.169
0.562605	597.258
0.562198	597.276
0.42806	603.712
0.518381	596.858
0.51941	596.872
0.448933	601.098
0.447123	601.318
0.448003	601.25
0.446126	601.452
0.478639	598.034
0.478176	598.091
0.531508	597.008
0.532184	597.007
0.530794	596.982
0.423281	604.15
0.563171	597.28
0.563455	597.292
0.542804	597.337
0.473651	598.439
0.47421	598.382
0.56282	597.285
0.569481	596.949
0.555422	597.384
0.555429	597.438
0.480158	597.934
0.517598	596.844
0.455883	600.265
0.455101	600.356
0.449737	601.002
0.470023	598.755
0.468265	598.901
0.456923	600.149
0.543592	597.342
0.544089	597.342
0.471761	598.602
0.472224	598.579
0.445231	601.563
0.444591	601.632
0.429709	603.529
0.430451	603.43
0.431338	603.327
0.474313	598.374
0.475177	598.3
0.476283	598.216
0.548746	597.376
0.549135	597.394
0.549627	597.376
0.45532	600.306
0.456214	600.199
0.457131	600.099
0.457831	600.013
0.458959	599.892
0.477204	598.141
0.478252	598.062
0.437938	602.483
0.438863	602.371
0.439625	602.256
0.428131	603.705
0.428592	603.649
0.568916	596.944
0.569181	596.901
0.569485	596.884
0.513609	596.794
0.514524	596.8
0.515546	596.795
0.460806	599.686
0.461519	599.597
0.462673	599.488
0.459745	599.797
0.547833	597.381
0.548219	597.41
0.420765	604.422
0.421176	604.356
0.421565	604.303
0.516506	596.803
0.517426	596.808
0.420526	604.479
0.42	638.126
0.55142	597.389
0.551895	597.378
0.55231	597.38
0.529301	596.948
0.530337	596.959
0.530756	596.939
0.568269	597.018
0.568757	596.951
0.505749	596.856
0.506421	596.843
0.507714	596.818
0.518273	596.813
0.519252	596.816
0.550088	597.393
0.550518	597.383
0.468407	598.931
0.468948	598.855
0.470368	598.728
0.449978	600.944
0.45081	600.849
0.451745	600.733
0.550973	597.39
0.472341	598.542
0.473206	598.462
0.436269	602.709
0.436968	602.615
0.561625	597.334
0.561829	597.312
0.562426	597.343
0.520159	596.825
0.521073	596.83
0.452497	600.638
0.453525	600.519
0.541555	597.28
0.54207	597.316
0.542621	597.307
0.454356	600.413
0.535878	597.074
0.536394	597.129
0.53705	597.106
0.540479	597.251
0.541067	597.297
0.466472	599.113
0.46695	599.043
0.544749	597.412
0.545166	597.421
0.545819	597.453
0.446486	601.375
0.447372	601.264
0.448226	601.155
0.539368	597.212
0.539872	597.252
0.534673	597.08
0.53534	597.133
0.562985	597.335
0.563234	597.338
0.524587	596.87
0.525364	596.887
0.526252	596.895
0.463292	599.403
0.464561	599.295
0.444756	601.596
0.445584	601.489
0.432105	603.232
0.432973	603.132
0.556025	597.312
0.556443	597.289
0.557016	597.297
0.546867	597.428
0.547351	597.472
0.531437	596.93
0.532118	596.968
0.526926	596.91
0.527797	596.921
0.449122	601.048
0.56079	597.303
0.561091	597.298
0.54598	597.431
0.511648	596.807
0.512531	596.806
0.497894	597.018
0.498883	596.987
0.499857	596.955
0.440588	602.135
0.441325	602.036
0.422061	604.254
0.422416	604.219
0.492007	597.245
0.493216	597.184
0.493969	597.158
0.521957	596.842
0.522856	596.852
0.503784	596.885
0.504233	596.887
0.47923	597.986
0.48022	597.914
0.443036	601.817
0.44386	601.71
0.565787	597.233
0.566531	597.133
0.566678	597.167
0.569612	596.839
0.57	599.692
0.486117	597.553
0.487047	597.491
0.488081	597.451
0.557493	597.291
0.558	597.302
0.523751	596.865
0.559905	597.3
0.560393	597.277
0.422903	604.179
0.42333	604.141
0.508538	596.815
0.509681	596.809
0.56726	597.082
0.56752	597.107
0.490044	597.345
0.491049	597.284
0.543685	597.356
0.544038	597.396
0.442177	601.926
0.568113	597.005
0.48904	597.387
0.500956	596.928
0.50182	596.913
0.495932	597.082
0.497068	597.044
0.543027	597.342
0.554095	597.353
0.554399	597.321
0.555034	597.328
0.426723	603.843
0.427206	603.788
0.553197	597.378
0.553625	597.36
0.471211	598.634
0.481197	597.842
0.482186	597.781
0.484152	597.658
0.485069	597.593
0.538219	597.159
0.538668	597.211
0.495281	597.102
0.552799	597.364
0.532563	596.993
0.533418	597.054
0.558546	597.305
0.558972	597.318
0.559628	597.291
0.56491	597.321
0.565264	597.265
0.510601	596.811
0.56373	597.317
0.564057	597.338
0.434616	602.925
0.435241	602.84
0.424346	604.056
0.424866	604.012
0.425472	603.96
0.555483	597.307
0.528633	596.939
0.483163	597.709
0.423733	604.108
0.433575	603.055
0.502675	596.897
0.564553	597.29
0.42	640.689
0.42	645.437
0.533557	597.047
0.465102	599.215
0.425978	603.912
0.537478	597.158
0.494002	597.147
0.543001	597.346
0.470237	598.739
0.446291	601.438
0.42	617.122
0.420023	604.718
0.42	616.897
0.42	616.404
0.420025	604.714
0.42	618.203
0.42	616.894
0.420021	604.725
0.42	617.028
0.42	617.495
0.420024	604.72
0.42	617.241
0.42	617.679
0.420023	604.707
0.42	617.091
0.42	617.011
0.420019	604.721
0.42	615.552
0.42	617.412
0.420028	604.71
0.42	617.187
0.42	617.583
0.420021	604.726
0.42	616.957
0.42	617.124
0.420023	604.72
0.42	617.653
0.420023	604.706
0.42	616.132
0.420016	604.733
0.420015	604.728
0.42	616.014
0.42	616.307
0.420021	604.725
0.420016	604.732
0.42	617.572
0.420023	604.708
0.420015	604.731
0.420026	604.71
0.42	618.486
0.42	615.728
0.420012	604.732
0.42	616.568
0.42002	604.721
0.420016	604.733
0.42	616.02
0.42	618.601
0.420026	604.715
0.42	615.626
0.420014	604.732
0.42	615.599
0.42	616.458
0.420023	604.723
0.42	616.524
0.420016	604.726
0.42	615.727
0.420016	604.735
0.42	615.62
0.42	616.23
0.420018	604.73
0.42	616.831
0.420014	604.732
0.42	615.836
0.42002	604.727
0.42	616.379
0.42	618.659
0.420031	604.71
0.42	616.729
0.420021	604.724
0.42	617.731
0.42	617.856
0.420024	604.717
0.42	618.086
0.42	616.496
0.420019	604.718
0.42	617.651
0.42	617
0.420023	604.717
0.42	615.289
0.420012	604.739
0.42	617.154
0.420014	604.724
0.42	615.709
0.420017	604.734
0.420026	604.716
0.420024	604.718
0.42	617.497
0.420018	604.714
0.42	616.771
0.420014	604.727
0.42	615.279
0.420014	604.732
0.42	615.637
0.42	617.232
0.420028	604.711
0.42	616.899
0.42	615.738
0.420014	604.737
0.42	615.931
0.420014	604.734
0.42	615.638
0.42	615.652
0.420014	604.732
0.420014	604.731
0.42	615.648
0.42	617.317
0.420028	604.712
0.42	617.093
0.42	617.938
0.420025	604.718
0.420019	604.725
0.42	617.148
0.420016	604.735
0.42	615.373
0.420014	604.734
0.42	616.927
0.42	615.667
0.420014	604.726
0.42	615.613
0.42	617.917
0.420026	604.715
0.420014	604.737
0.420012	604.741
0.420014	604.726
0.42	615.619
0.420014	604.726
0.42	615.926
0.42	619.255
0.420028	604.711
0.42	617.121
0.42	617.372
0.420028	604.711
0.42	618.526
0.42	616.882
0.420027	604.71
0.42	618.859
0.42	618.909
0.420028	604.705
0.420016	604.733
0.420024	604.722
0.42	616.964
0.42	615.685
0.420014	604.737
0.42	615.735
0.420014	604.733
0.420014	604.732
0.42	614.419
0.42	617.921
0.420026	604.716
0.42	615.699
0.420014	604.731
0.42	616.787
0.42	616.785
0.420028	604.711
0.42	618.199
0.420014	604.732
0.42	616.894
0.42	616.909
0.420014	604.732
0.42	618.137
0.420026	604.703
0.42	617.772
0.420028	604.71
0.42	619.403
0.42	615.85
0.420014	604.732
0.420015	604.726
0.42	615.741
0.42	615.969
0.420014	604.727
0.420014	604.728
0.42	616.173
0.42	616.718
0.42002	604.713
0.42002	604.715
0.42	617.953
0.420028	604.71
0.42	616.943
0.420021	604.727
0.42	618.101
0.42	619.039
0.420026	604.714
0.42	616.649
0.420014	604.735
0.42	615.701
0.420014	604.737
0.42	616.729
0.420014	604.729
0.420014	604.732
0.42	615.742
0.42	615.136
0.420014	604.734
0.420014	604.732
0.42	615.808
0.42	616.416
0.420017	604.726
0.42	615.86
0.420014	604.73
0.420014	604.732
0.42	618.406
0.420026	604.714
0.420014	604.73
0.420014	604.734
0.42	616.41
0.42	616.049
0.420014	604.729
0.42	618.034
0.420026	604.711
0.42	617.913
0.420028	604.71
0.42	618.499
0.420014	604.732
0.420028	604.71
0.42	619.528
0.420027	604.71
0.42	617.973
0.420028	604.708
0.42	618.418
0.420014	604.732
0.42	615.827
0.420014	604.732
0.420028	604.712
0.42	617.567
0.42	616.463
0.420014	604.733
0.42	616.467
0.420027	604.712
0.42	618.349
0.420014	604.732
0.42	617.275
0.420024	604.708
0.420028	604.701
0.42	618.138
0.420028	604.71
0.42	619.866
0.42	618.739
0.420025	604.711
0.420017	604.718
0.42	616.878
0.42	617.053
0.420018	604.722
0.420018	604.714
0.42	618.616
0.420017	604.723
0.42	616.961
0.420021	604.714
0.42	619.967
0.420031	604.705
0.42	616.612
0.420017	604.727
0.420021	604.719
0.42	616.815
0.420018	604.718
0.420014	604.735
0.42	615.776
0.42	618.572
0.420033	604.697
0.420018	604.722
0.42	618.094
0.420028	604.707
0.420014	604.734
0.420033	604.699
0.42	620.117
0.420023	604.711
0.42	617.58
0.420036	604.699
0.42	619.504
0.420037	604.695
0.42	621.055
0.42	618.031
0.420023	604.709
0.42	620.675
0.420037	604.698
0.420035	604.689
0.42	620.308
0.420019	604.714
0.42	620.819
0.420042	604.69
0.42	618.293
0.420021	604.71
0.42	617.493
0.420022	604.719
0.420035	604.703
0.42	620.668
0.42	618.942
0.420031	604.701
0.420041	604.684
0.42	621.148
0.42	618.01
0.420023	604.706
0.420047	604.673
0.42	621.658
0.420019	604.717
0.42	617.763
0.420047	604.684
0.42	622.297
0.42	618.148
0.420022	604.716
0.420038	604.69
0.42	620.395
0.420042	604.696
0.42	621.397
0.420038	604.686
0.42	624.069
0.42	621.492
0.420037	604.695
0.420027	604.706
0.42	619.734
0.42	618.563
0.420026	604.701
0.420056	604.674
0.42	624.461
0.42	618.963
0.420026	604.703
0.42	622.04
0.42	618.837
0.420026	604.71
0.42	623.8
0.420053	604.672
0.42	620.218
0.42	620.269
0.420037	604.696
0.42	623.637
0.420053	604.678
0.42	620.355
0.420047	604.673
0.42	622.104
0.420026	604.709
0.420042	604.694
0.42	621.177
0.420065	604.666
0.42	625.312
0.420026	604.699
0.420058	604.665
0.42	624.247
0.42	623.448
0.42005	604.68
0.42	618.814
0.420026	604.702
0.420036	604.696
0.42	621.175
0.420075	604.66
0.42	626.993
0.42	624.195
0.420063	604.666
0.42	624.025
0.420061	604.662
0.42	621.745
0.420031	604.702
0.420042	604.693
0.42	621.422
0.42	622.446
0.420031	604.691
0.420044	604.673
0.42	624.428
0.420077	604.65
0.42	625.81
0.42005	604.68
0.42	621.808
0.42	623.866
0.420063	604.661
0.42	624.139
0.420063	604.67
0.42	625.31
0.420063	604.656
0.42	627.324
0.42	623.791
0.420066	604.663
0.42	624.839
0.420063	604.662
0.420077	604.649
0.42	625.032
0.420082	604.641
0.42	626.182
0.420066	604.657
0.42	627.201
0.420058	604.67
0.42	622.534
0.42	624.57
0.420061	604.659
0.42	626.317
0.420063	604.663
0.420099	604.638
0.42	629.197
0.42	625.849
0.420074	604.655
0.42011	604.63
0.42	627.209
0.420049	604.679
0.42	624.958
0.420042	604.691
0.42	624.607
0.420121	604.623
0.42	628.643
0.420082	604.641
0.42	626.414
0.42	626.01
0.420084	604.642
0.42	627.534
0.420084	604.646
0.420081	604.652
0.42	626.456
0.42	624.758
0.420073	604.658
0.42	628.342
0.420105	604.637
0.42	625.5
0.42007	604.652
0.42	626.909
0.420095	604.643
0.42	628.759
0.42	626.147
0.420067	604.657
0.420084	604.651
0.420069	604.651
0.42	627.259
0.42	628.135
0.420095	604.639
0.42	628.014
0.420105	604.633
0.42	628.35
0.420093	604.636
0.42	631.395
0.420132	604.608
0.42	626.569
0.42007	604.651
0.420073	604.647
0.42	626.8
0.420129	604.614
0.42	630.489
0.420118	604.627
0.42	630.904
0.42	625.529
0.420063	604.651
0.42009	604.644
0.42	630.036
0.42	628.365
0.420096	604.64
0.42	629.993
0.420113	604.623
0.420134	604.608
0.42	633.849
0.420081	604.646
0.42	626.538
0.42	628.04
0.420106	604.63
0.420105	604.62
0.42	629.218
0.42	630.287
0.420119	604.624
0.420149	604.611
0.42	630.001
0.42	627.395
0.420084	604.636
0.420117	604.615
0.42	628.793
0.42	630.033
0.4201	604.633
0.420087	604.639
0.42	628.829
0.42	630.29
0.420102	604.62
0.42	630.993
0.420136	604.613
0.42	633.117
0.420199	604.571
0.42	632.944
0.42	632.355
0.420168	604.586
0.420099	604.633
0.42	629.997
0.42012	604.62
0.42	630.871
0.42	632.645
0.420175	604.586
0.42	630.775
0.420143	604.604
0.420149	604.601
0.42	632.422
0.42	633.336
0.420168	604.592
0.420179	604.581
0.42	634.55
0.42	632.153
0.420182	604.59
0.42	633.597
0.420138	604.613
0.420108	604.619
0.42	629.66
0.420159	604.594
0.42	632.796
0.42	633.853
0.420147	604.603
0.420154	604.593
0.420098	604.64
0.42	628.191
0.42	631.14
0.420252	604.565
0.42	634.71
0.42	634.59
0.42021	604.576
0.42	632.013
0.420157	604.588
0.420213	604.573
0.42	634.76
0.42	635.662
0.420249	604.561
0.420113	604.628
0.420258	604.55
0.42	634.312
0.42	635.154
0.420278	604.54
0.42	636.711
0.42	635.882
0.420245	604.563
0.42	633.346
0.420165	604.59
0.420155	604.591
0.42	633.147
0.420197	604.578
0.42	635.037
0.42	632.772
0.420196	604.577
0.42021	604.565
0.420249	604.558
0.42	637.557
0.420262	604.556
0.42	635.968
0.420222	604.577
0.42	634.162
0.42	636.07
0.420333	604.522
0.42	635.195
0.42	632.521
0.420168	604.583
0.420339	604.519
0.42	637.743
0.420287	604.546
0.42	636.66
0.42	635.87
0.420232	604.562
0.42	636.073
0.420354	604.523
0.42	635.609
0.42022	604.561
0.42	635.773
0.420283	604.551
0.42	634.714
0.420259	604.558
0.42	634.868
0.420181	604.587
0.420336	604.53
0.42	636.055
0.420264	604.56
0.42	635.482
0.42	636.486
0.420304	604.534
0.420224	604.572
0.420406	604.5
0.42	638.583
0.42	637.167
0.420287	604.539
0.420277	604.553
0.420246	604.561
0.42	637.621
0.420298	604.542
0.420302	604.54
0.420226	604.564
0.42	633.511
0.42	635.427
0.420343	604.519
0.42	640.557
0.420491	604.479
0.420473	604.484
0.42	638.674
0.420227	604.564
0.42	640.153
0.420623	604.448
0.420523	604.471
0.42	638.387
0.420555	604.469
0.42	637.546
0.420023	604.706
0.420038	604.688
0.420028	604.71
0.420079	604.646
0.420231	604.567
0.420028	604.705
0.420019	604.719
0.42014	604.603
0.420065	604.662
0.420384	604.505
0.420037	604.69
0.420014	604.73
0.420028	604.702
0.420219	604.564
0.420084	604.65
0.420128	604.61
0.420179	604.584
0.42014	604.606
0.420183	604.583
0.420104	604.628
0.420169	604.587
0.420063	604.674
0.420098	604.645
0.420063	604.671
0.420094	604.647
0.420047	604.689
0.42008	604.656
0.463611	599.368
0.461543	599.601
0.462738	599.465
0.461286	599.635
0.464261	599.304
0.463037	599.441
0.421343	604.339
0.421292	604.345
0.421	604.384
0.421019	604.382
0.421007	604.383
0.421681	604.3
0.420644	604.453
0.42056	604.471
0.420509	604.484
0.420471	604.494
0.42053	604.478
0.420677	604.445
0.449508	601.035
0.450453	600.913
0.448382	601.177
0.449086	601.079
0.447264	601.315
0.451956	600.733
0.42004	604.699
0.420057	604.68
0.420028	604.709
0.420043	604.694
0.420058	604.678
0.420317	604.532
0.420373	604.513
0.420308	604.535
0.420358	604.518
0.420248	604.555
0.420396	604.506
0.420883	604.409
0.420509	604.486
0.420713	604.441
0.420448	604.499
0.42097	604.396
0.420791	604.424
0.420218	604.575
0.420347	604.528
0.420202	604.581
0.42028	604.55
0.420346	604.527
0.421162	604.366
0.420969	604.394
0.420924	604.401
0.420812	604.421
0.42117	604.364
0.421148	604.367
0.421519	604.318
0.421611	604.305
0.472608	598.531
0.473944	598.416
0.471856	598.591
0.473067	598.489
0.470797	598.693
0.474489	598.365
0.475989	598.236
0.472782	598.505
0.470213	598.725
0.468152	598.934
0.46875	598.874
0.466861	599.067
0.470485	598.715
0.54177	597.342
0.540481	597.304
0.541183	597.338
0.540024	597.297
0.542272	597.336
0.420149	604.607
0.420112	604.631
0.420112	604.626
0.420091	604.643
0.42016	604.601
0.42014	604.613
0.421637	604.298
0.421352	604.331
0.421314	604.336
0.421174	604.353
0.421559	604.305
0.421593	604.301
0.540541	597.311
0.541668	597.323
0.420311	604.532
0.420393	604.506
0.42028	604.542
0.420333	604.523
0.42021	604.569
0.420417	604.499
0.42005	604.685
0.420033	604.706
0.420028	604.712
0.420042	604.693
0.420067	604.671
0.420206	604.57
0.420128	604.612
0.420342	604.514
0.420246	604.55
0.420466	604.48
0.420338	604.514
0.420528	604.463
0.420966	604.394
0.421157	604.367
0.421157	604.365
0.421358	604.339
0.420974	604.393
0.420908	604.403
0.420066	604.659
0.420077	604.654
0.420097	604.634
0.420033	604.693
0.422315	604.232
0.423116	604.162
0.422529	604.215
0.423321	604.146
0.421901	604.271
0.422145	604.25
0.421763	604.289
0.421888	604.275
0.421649	604.299
0.422289	604.237
0.421814	604.284
0.420034	604.699
0.420034	604.699
0.420068	604.665
0.420056	604.672
0.420047	604.686
0.420061	604.666
0.46058	599.711
0.46489	599.234
0.460419	599.712
0.458278	599.96
0.459459	599.826
0.457368	600.058
0.461504	599.601
0.420227	604.563
0.420273	604.55
0.562341	597.267
0.562631	597.256
0.562941	597.264
0.563085	597.251
0.562692	597.3
0.562249	597.246
0.552371	597.361
0.551404	597.375
0.551957	597.39
0.55123	597.389
0.552985	597.371
0.420252	604.553
0.420189	604.58
0.42021	604.572
0.420161	604.596
0.420283	604.542
0.42025	604.555
0.420571	604.465
0.420686	604.442
0.420644	604.45
0.420758	604.427
0.420484	604.485
0.420547	604.472
0.478724	598.032
0.481185	597.848
0.480208	597.918
0.482174	597.775
0.478192	598.072
0.480025	597.927
0.420233	604.56
0.42021	604.571
0.420158	604.597
0.420254	604.551
0.456296	600.188
0.456802	600.124
0.420646	604.444
0.420753	604.425
0.420749	604.426
0.420923	604.394
0.420615	604.452
0.420606	604.453
0.420801	604.422
0.420723	604.426
0.420684	604.432
0.420601	604.451
0.420565	604.458
0.420605	604.449
0.420837	604.405
0.421073	604.377
0.42131	604.344
0.42109	604.375
0.421343	604.341
0.420875	604.408
0.421319	604.342
0.420028	604.707
0.420028	604.707
0.420056	604.675
0.420051	604.68
0.420042	604.689
0.455753	600.261
0.45445	600.408
0.455281	600.3
0.421054	604.37
0.421074	604.368
0.421215	604.348
0.453881	600.484
0.453383	600.529
0.483151	597.694
0.482162	597.782
0.42034	604.528
0.420266	604.554
0.420308	604.538
0.420247	604.563
0.420815	604.419
0.420394	604.511
0.420298	604.547
0.420147	604.611
0.420131	604.62
0.420182	604.592
0.420154	604.606
0.420192	604.589
0.420113	604.633
0.425146	603.99
0.425288	603.979
0.426208	603.894
0.425986	603.916
0.426209	603.892
0.424522	604.045
0.484134	597.646
0.420094	604.633
0.420108	604.627
0.420105	604.64
0.420147	604.613
0.420115	604.632
0.420157	604.608
0.480785	597.877
0.483146	597.734
0.420081	604.657
0.420136	604.619
0.481138	597.856
0.47771	598.101
0.476397	598.213
0.421563	604.308
0.42194	604.269
0.421549	604.31
0.421741	604.289
0.421315	604.336
0.421901	604.271
0.420088	604.64
0.420053	604.667
0.420105	604.627
0.420079	604.647
0.421218	604.348
0.42005	604.673
0.421984	604.261
0.45946	599.826
0.420224	604.573
0.420175	604.594
0.420126	604.619
0.420119	604.627
0.420164	604.598
0.420238	604.563
0.565265	597.213
0.566107	597.151
0.565117	597.201
0.565958	597.168
0.564473	597.221
0.566262	597.178
0.469935	598.757
0.469496	598.796
0.471853	598.572
0.471289	598.636
0.471861	598.57
0.467686	598.968
0.478759	598.022
0.468038	598.94
0.469816	598.777
0.46726	599.015
0.465652	599.16
0.420271	604.547
0.420327	604.527
0.420373	604.517
0.420448	604.497
0.420448	604.497
0.420544	604.471
0.420355	604.523
0.420336	604.528
0.420884	604.396
0.420932	604.39
0.420876	604.398
0.485118	597.598
0.484175	597.664
0.4825	597.762
0.421558	604.316
0.421487	604.323
0.421796	604.289
0.421793	604.29
0.42177	604.293
0.421337	604.341
0.432743	603.159
0.431581	603.307
0.430919	603.385
0.430051	603.492
0.432982	603.14
0.458749	599.906
0.462315	599.504
0.422393	604.234
0.422956	604.184
0.422511	604.223
0.422973	604.182
0.422101	604.26
0.422667	604.207
0.495368	597.104
0.497251	597.042
0.494629	597.128
0.493323	597.18
0.497103	597.056
0.423388	604.148
0.422756	604.2
0.423254	604.159
0.422683	604.209
0.423937	604.102
0.422857	604.191
0.486104	597.546
0.424072	604.087
0.423453	604.138
0.423921	604.101
0.423296	604.151
0.424827	604.021
0.423492	604.134
0.420614	604.457
0.420538	604.475
0.420801	604.42
0.420793	604.423
0.420791	604.422
0.420409	604.504
0.420645	604.445
0.420742	604.427
0.420914	604.395
0.506052	596.844
0.505444	596.866
0.503834	596.891
0.50305	596.916
0.463583	599.379
0.449571	601.038
0.451534	600.792
0.504506	596.883
0.507598	596.811
0.439779	602.228
0.437668	602.527
0.438368	602.443
0.436534	602.681
0.440271	602.18
0.4766	598.2
0.420075	604.65
0.420062	604.663
0.420037	604.685
0.420741	604.427
0.420648	604.445
0.552477	597.405
0.553401	597.337
0.420047	604.679
0.420278	604.545
0.420898	604.398
0.551314	597.418
0.420093	604.637
0.566942	597.06
0.567001	597.079
0.475415	598.299
0.476593	598.182
0.429233	603.589
0.4282	603.693
0.429311	603.578
0.428035	603.722
0.487092	597.482
0.486159	597.518
0.430754	603.407
0.427504	603.767
0.433973	603.018
0.434629	602.94
0.433063	603.139
0.433372	603.087
0.432387	603.218
0.43534	602.844
0.420056	604.675
0.420056	604.675
0.420028	604.704
0.420083	604.652
0.420028	604.706
0.420082	604.645
0.508651	596.825
0.510999	596.821
0.509822	596.799
0.511874	596.807
0.507995	596.806
0.507358	596.818
0.488132	597.425
0.420035	604.69
0.420047	604.677
0.42007	604.654
0.420067	604.655
0.420071	604.666
0.420053	604.673
0.420076	604.648
0.42042	604.496
0.42035	604.517
0.42042	604.497
0.420341	604.52
0.420508	604.474
0.42035	604.518
0.475421	598.278
0.43068	603.4
0.428728	603.635
0.429206	603.583
0.432259	603.212
0.432685	603.157
0.431766	603.273
0.434054	602.992
0.434622	602.919
0.433292	603.092
0.435954	602.753
0.460238	599.742
0.421438	604.316
0.421064	604.367
0.420989	604.378
0.421477	604.312
0.421694	604.289
0.420199	604.576
0.421691	604.3
0.421931	604.274
0.421414	604.332
0.421581	604.31
0.421961	604.266
0.421292	604.346
0.422237	604.244
0.42028	604.544
0.42058	604.458
0.431914	603.278
0.431545	603.325
0.420126	604.622
0.420084	604.648
0.420112	604.63
0.420079	604.653
0.420147	604.608
0.435195	602.864
0.422753	604.195
0.420089	604.646
0.423977	604.091
0.475999	598.238
0.474026	598.394
0.47471	598.346
0.420918	604.401
0.427563	603.771
0.427933	603.731
0.428945	603.63
0.42894	603.625
0.420885	604.407
0.427988	603.727
0.426855	603.839
0.420333	604.524
0.420298	604.534
0.420385	604.507
0.420231	604.561
0.420411	604.5
0.420341	604.524
0.420283	604.542
0.420075	604.651
0.420294	604.539
0.420103	604.628
0.421257	604.347
0.420992	604.384
0.421067	604.373
0.420894	604.399
0.421275	604.343
0.421103	604.368
0.489062	597.381
0.488078	597.432
0.420605	604.454
0.420103	604.642
0.420072	604.664
0.42061	604.461
0.420775	604.429
0.420567	604.472
0.420781	604.429
0.420456	604.497
0.420746	604.433
0.426097	603.909
0.425228	603.986
0.425071	604.002
0.424517	604.049
0.425756	603.941
0.42576	603.936
0.553957	597.317
0.553499	597.35
0.430948	603.384
0.429781	603.524
0.432292	603.222
0.420251	604.564
0.420227	604.573
0.42022	604.577
0.420058	604.675
0.420089	604.65
0.420084	604.654
0.420106	604.637
0.420056	604.682
0.420069	604.667
0.421586	604.313
0.421719	604.299
0.421423	604.333
0.421493	604.326
0.421034	604.383
0.421336	604.344
0.420604	604.459
0.421934	604.276
0.420084	604.656
0.420105	604.637
0.420028	604.709
0.420047	604.688
0.420028	604.712
0.420657	604.451
0.420767	604.428
0.420028	604.713
0.420371	604.52
0.420437	604.499
0.42007	604.667
0.420245	604.564
0.420157	604.596
0.420141	604.606
0.420692	604.436
0.420718	604.431
0.420072	604.658
0.420109	604.633
0.420107	604.63
0.420149	604.608
0.420063	604.667
0.420077	604.655
0.420155	604.597
0.472136	598.542
0.421106	604.371
0.421333	604.342
0.420502	604.482
0.420457	604.496
0.420584	604.463
0.420514	604.48
0.420617	604.456
0.420421	604.506
0.490051	597.334
0.421142	604.356
0.421523	604.318
0.421687	604.302
0.421741	604.296
0.422067	604.263
0.42058	604.467
0.420402	604.512
0.420336	604.533
0.4215	604.321
0.421389	604.335
0.420038	604.697
0.420103	604.635
0.42014	604.613
0.420285	604.554
0.42029	604.55
0.420224	604.574
0.420248	604.566
0.421968	604.261
0.42021	604.582
0.420352	604.529
0.420266	604.554
0.420317	604.536
0.420356	604.521
0.453622	600.536
0.45478	600.387
0.42028	604.54
0.42028	604.541
0.42084	604.416
0.4207	604.443
0.420672	604.449
0.420581	604.468
0.420821	604.419
0.420791	604.425
0.420833	604.407
0.420757	604.421
0.420663	604.44
0.420607	604.452
0.420758	604.422
0.420926	604.391
0.421961	604.261
0.4205	604.473
0.420182	604.593
0.420731	604.424
0.420323	604.535
0.421093	604.368
0.421528	604.314
0.467327	599.001
0.420222	604.574
0.422932	604.181
0.423028	604.172
0.421275	604.347
0.421035	604.38
0.431212	603.356
0.432598	603.192
0.432714	603.175
0.432285	603.223
0.44262	601.899
0.440587	602.163
0.441341	602.067
0.439588	602.293
0.442718	601.888
0.441236	602.079
0.440281	602.207
0.438751	602.397
0.439618	602.281
0.437894	602.516
0.430502	603.424
0.428191	603.691
0.420245	604.555
0.420188	604.579
0.422501	604.223
0.423028	604.176
0.422534	604.219
0.423044	604.177
0.422032	604.267
0.467758	598.979
0.422912	604.186
0.420112	604.624
0.456081	600.24
0.454255	600.461
0.422467	604.225
0.423516	604.137
0.422142	604.257
0.425204	603.984
0.426241	603.887
0.425854	603.929
0.426732	603.841
0.424966	604.002
0.426171	603.894
0.422204	604.237
0.421908	604.267
0.422344	604.226
0.422754	604.19
0.427916	603.723
0.421749	604.283
0.491512	597.259
0.490096	597.333
0.420154	604.599
0.420115	604.621
0.420132	604.611
0.42006	604.67
0.42009	604.646
0.420056	604.675
0.420073	604.659
0.439426	602.299
0.420043	604.692
0.420098	604.639
0.437963	602.493
0.42005	604.681
0.44108	602.062
0.42012	604.625
0.420166	604.589
0.420614	604.458
0.420476	604.489
0.458268	599.988
0.456877	600.156
0.458291	599.978
0.456673	600.166
0.421392	604.324
0.421668	604.292
0.420721	604.437
0.420615	604.457
0.420811	604.418
0.420715	604.437
0.42054	604.474
0.420231	604.56
0.466554	599.08
0.465658	599.168
0.42014	604.613
0.420187	604.589
0.420168	604.598
0.420217	604.574
0.420131	604.619
0.420145	604.61
0.420128	604.621
0.420074	604.657
0.509385	596.8
0.513466	596.81
0.420357	604.517
0.420304	604.534
0.420394	604.505
0.49235	597.222
0.428389	603.677
0.420956	604.393
0.421145	604.365
0.421495	604.321
0.420829	604.412
0.473604	598.419
0.42226	604.246
0.422239	604.246
0.420319	604.535
0.420252	604.563
0.420345	604.529
0.420294	604.548
0.420168	604.597
0.420382	604.519
0.420093	604.642
0.421204	604.356
0.421475	604.322
0.421276	604.346
0.421526	604.315
0.421072	604.373
0.421293	604.344
0.420948	604.399
0.420614	604.461
0.42005	604.685
0.420025	604.717
0.420102	604.635
0.420106	604.63
0.420159	604.604
0.420154	604.602
0.420124	604.62
0.421175	604.365
0.420079	604.653
0.441933	601.995
0.422525	604.219
0.423686	604.122
0.42042	604.508
0.42042	604.511
0.420336	604.534
0.420336	604.535
0.438414	602.451
0.420367	604.524
0.420521	604.482
0.446246	601.416
0.447097	601.31
0.448281	601.164
0.449117	601.062
0.4474	601.27
0.445061	601.57
0.420303	604.54
0.420038	604.686
0.42007	604.654
0.426855	603.834
0.427365	603.783
0.426572	603.861
0.420047	604.677
0.420955	604.395
0.54536	597.374
0.544744	597.359
0.545935	597.41
0.546416	597.405
0.544247	597.362
0.547103	597.394
0.545781	597.383
0.544782	597.352
0.546877	597.453
0.420882	604.402
0.421308	604.341
0.422547	604.221
0.422653	604.211
0.423052	604.18
0.423216	604.163
0.422762	604.203
0.422285	604.243
0.4224	604.227
0.422579	604.213
0.422596	604.209
0.422133	604.252
0.422834	604.191
0.422383	604.23
0.422186	604.247
0.422456	604.224
0.420051	604.685
0.420049	604.686
0.420077	604.658
0.42042	604.5
0.420336	604.524
0.420117	604.619
0.463772	599.362
0.462016	599.556
0.498898	597.003
0.499872	596.965
0.420054	604.681
0.420056	604.678
0.420075	604.659
0.420027	604.711
0.420271	604.553
0.420194	604.578
0.477831	598.095
0.478071	598.064
0.430431	603.463
0.43071	603.421
0.492225	597.225
0.494487	597.125
0.496055	597.075
0.420369	604.521
0.4212	604.355
0.455492	600.311
0.453613	600.529
0.439564	602.305
0.420373	604.52
0.420462	604.491
0.420556	604.468
0.42056	604.461
0.420941	604.388
0.420778	604.417
0.421072	604.369
0.42056	604.461
0.420636	604.442
0.420968	604.381
0.43425	602.977
0.420543	604.473
0.430589	603.444
0.445364	601.52
0.444061	601.699
0.420028	604.705
0.420056	604.675
0.420056	604.675
0.420075	604.657
0.420042	604.691
0.420882	604.4
0.420056	604.675
0.420615	604.451
0.4229	604.187
0.423462	604.142
0.420361	604.512
0.42257	604.216
0.422381	604.224
0.420252	604.564
0.420271	604.557
0.420336	604.534
0.420336	604.534
0.422387	604.222
0.420319	604.54
0.42049	604.478
0.420209	604.581
0.441329	602.054
0.4211	604.37
0.421015	604.383
0.452489	600.644
0.421498	604.319
0.420638	604.451
0.420829	604.416
0.421043	604.383
0.420685	604.443
0.420676	604.444
0.420137	604.613
0.42011	604.632
0.420082	604.652
0.420512	604.472
0.420608	604.452
0.420487	604.479
0.421083	604.365
0.421218	604.346
0.420885	604.396
0.420507	604.481
0.420578	604.465
0.420467	604.489
0.420445	604.497
0.420606	604.456
0.420196	604.584
0.42014	604.611
0.42139	604.336
0.421353	604.341
0.421401	604.334
0.421602	604.31
0.421954	604.273
0.420496	604.482
0.443628	601.75
0.436783	602.661
0.438242	602.473
0.42017	604.595
0.436754	602.664
0.420383	604.509
0.513414	596.811
0.51455	596.79
0.515439	596.799
0.511282	596.81
0.515275	596.796
0.42087	604.405
0.420536	604.472
0.420717	604.433
0.420224	604.572
0.420236	604.567
0.421392	604.336
0.45715	600.114
0.458661	599.931
0.45912	599.879
0.46048	599.734
0.420079	604.659
0.420126	604.627
0.457963	600.007
0.420147	604.614
0.455087	600.354
0.456099	600.224
0.444751	601.611
0.443892	601.721
0.442188	601.95
0.468449	598.89
0.429073	603.608
0.444225	601.702
0.420457	604.492
0.420742	604.43
0.420535	604.475
0.420888	604.407
0.420622	604.451
0.42103	604.387
0.428787	603.635
0.427208	603.8
0.427967	603.723
0.427152	603.808
0.426789	603.837
0.427889	603.727
0.428584	603.659
0.425931	603.921
0.420181	604.583
0.436947	602.646
0.421151	604.363
0.420985	604.387
0.421337	604.338
0.421192	604.352
0.421481	604.316
0.422391	604.225
0.420496	604.475
0.420688	604.433
0.420907	604.393
0.42093	604.389
0.420732	604.422
0.547483	597.396
0.421077	604.377
0.479587	597.95
0.421975	604.27
0.421741	604.297
0.421859	604.285
0.420346	604.531
0.420301	604.546
0.445913	601.462
0.447941	601.205
0.420249	604.56
0.420357	604.53
0.422449	604.226
0.491027	597.287
0.489041	597.38
0.421575	604.313
0.420304	604.548
0.420897	604.397
0.420055	604.675
0.420055	604.675
0.42005	604.68
0.420266	604.554
0.420312	604.538
0.420224	604.571
0.420253	604.554
0.420217	604.575
0.420403	604.5
0.420343	604.527
0.427115	603.806
0.42525	603.983
0.420131	604.619
0.420091	604.648
0.420112	604.63
0.420075	604.657
0.420154	604.605
0.420107	604.633
0.420504	604.486
0.42042	604.509
0.561557	597.273
0.561859	597.249
0.447553	601.278
0.446455	601.416
0.436816	602.651
0.562051	597.29
0.420504	604.488
0.420425	604.509
0.42014	604.618
0.420133	604.62
0.420098	604.642
0.420093	604.646
0.442173	601.941
0.420101	604.641
0.420183	604.595
0.420222	604.563
0.420112	604.628
0.42014	604.611
0.420075	604.654
0.471898	598.587
0.420728	604.433
0.420981	604.39
0.42724	603.793
0.420168	604.598
0.420183	604.589
0.443032	601.828
0.442701	601.871
0.420112	604.63
0.4201	604.642
0.420081	604.66
0.420441	604.502
0.420419	604.506
0.420504	604.477
0.42048	604.484
0.420562	604.463
0.420425	604.497
0.420056	604.676
0.420049	604.682
0.420093	604.643
0.421577	604.31
0.421596	604.307
0.421876	604.277
0.421991	604.265
0.420126	604.62
0.421758	604.29
0.420063	604.673
0.420045	604.692
0.421362	604.335
0.420595	604.453
0.420735	604.423
0.420103	604.629
0.420154	604.598
0.420123	604.618
0.420079	604.646
0.420126	604.615
0.420037	604.7
0.42048	604.482
0.4201	604.636
0.420126	604.618
0.420141	604.608
0.437853	602.514
0.437078	602.615
0.420051	604.68
0.420056	604.674
0.550547	597.392
0.550748	597.39
0.420282	604.552
0.420336	604.53
0.420224	604.568
0.420298	604.542
0.420187	604.588
0.420368	604.52
0.420383	604.514
0.420438	604.5
0.420373	604.516
0.420497	604.485
0.420051	604.675
0.420116	604.621
0.420127	604.614
0.420171	604.59
0.420154	604.599
0.420115	604.624
0.420145	604.605
0.420686	604.44
0.420859	604.409
0.42112	604.368
0.421367	604.335
0.450349	600.909
0.449147	601.05
0.420527	604.47
0.42042	604.499
0.420708	604.431
0.420335	604.521
0.420137	604.615
0.427731	603.74
0.420195	604.585
0.420165	604.598
0.424734	604.029
0.424051	604.086
0.420236	604.568
0.420728	604.434
0.420809	604.417
0.421967	604.263
0.420168	604.595
0.420198	604.581
0.421658	604.296
0.42433	604.056
0.424116	604.079
0.424469	604.05
0.421103	604.367
0.421076	604.371
0.422876	604.182
0.422798	604.188
0.422764	604.19
0.422012	604.262
0.421963	604.27
0.422124	604.255
0.421866	604.282
0.547859	597.37
0.547981	597.381
0.422508	604.216
0.422533	604.216
0.422152	604.252
0.420219	604.574
0.420166	604.599
0.420138	604.614
0.420983	604.392
0.421346	604.339
0.421446	604.327
0.421157	604.364
0.420098	604.64
0.420101	604.637
0.420199	604.582
0.420273	604.552
0.441452	602.02
0.422235	604.241
0.446765	601.36
0.420608	604.458
0.420413	604.507
0.422135	604.252
0.422989	604.176
0.420381	604.517
0.500974	596.953
0.502054	596.92
0.42028	604.554
0.420273	604.558
0.420314	604.542
0.420615	604.451
0.420714	604.43
0.423581	604.13
0.420448	604.492
0.42064	604.447
0.420832	604.411
0.422392	604.232
0.42049	604.481
0.42056	604.463
0.420474	604.483
0.420783	604.424
0.420612	604.459
0.420683	604.435
0.432328	603.221
0.420198	604.583
0.490118	597.325
0.420066	604.67
0.420049	604.688
0.420042	604.697
0.420077	604.661
0.421605	604.31
0.420084	604.657
0.420094	604.647
0.420275	604.54
0.420294	604.534
0.420615	604.46
0.420206	604.572
0.420224	604.566
0.42042	604.497
0.420567	604.469
0.420541	604.465
0.420478	604.476
0.42069	604.432
0.420656	604.436
0.548279	597.383
0.54873	597.402
0.548913	597.401
0.549545	597.396
0.548303	597.376
0.549743	597.396
0.5492	597.407
0.421678	604.302
0.422096	604.258
0.429402	603.578
0.420416	604.504
0.422733	604.194
0.423284	604.148
0.423128	604.16
0.423305	604.146
0.422291	604.234
0.42124	604.345
0.421681	604.295
0.420299	604.542
0.420672	604.444
0.420635	604.451
0.438651	602.403
0.420441	604.501
0.420373	604.519
0.420093	604.643
0.420075	604.657
0.420075	604.658
0.421256	604.354
0.420168	604.596
0.420224	604.572
0.420203	604.578
0.420122	604.629
0.420128	604.625
0.560485	597.209
0.560301	597.228
0.559675	597.26
0.559383	597.301
0.422073	604.262
0.560924	597.199
0.420542	604.477
0.420602	604.464
0.420679	604.447
0.420271	604.545
0.423596	604.127
0.424441	604.058
0.423981	604.098
0.424736	604.033
0.423439	604.141
0.424051	604.089
0.420205	604.574
0.420403	604.513
0.42019	604.581
0.420409	604.512
0.43006	603.498
0.420054	604.679
0.420082	604.655
0.420535	604.474
0.420327	604.534
0.420387	604.514
0.420163	604.589
0.420152	604.593
0.420063	604.675
0.420042	604.692
0.420146	604.596
0.43104	603.38
0.420077	604.656
0.420128	604.616
0.420052	604.679
0.420154	604.598
0.42023	604.563
0.420187	604.581
0.420198	604.573
0.42014	604.603
0.420169	604.588
0.422524	604.207
0.420125	604.612
0.420239	604.556
0.421336	604.342
0.421411	604.335
0.421788	604.29
0.420098	604.639
0.42014	604.612
0.420112	604.631
0.420154	604.606
0.420086	604.649
0.422354	604.232
0.421881	604.278
0.420126	604.624
0.420238	604.568
0.420337	604.535
0.420168	604.598
0.420196	604.586
0.420315	604.539
0.420259	604.56
0.420091	604.646
0.420224	604.572
0.561228	597.221
0.561026	597.216
0.420182	604.59
0.42052	604.479
0.420238	604.565
0.420089	604.637
0.42007	604.654
0.423458	604.138
0.423831	604.112
0.421491	604.314
0.42131	604.335
0.420977	604.38
0.420964	604.384
0.421022	604.371
0.44561	601.508
0.421726	604.289
0.451193	600.802
0.451897	600.718
0.450469	600.891
0.420109	604.625
0.423766	604.118
0.423108	604.174
0.420166	604.6
0.420143	604.608
0.420215	604.576
0.420153	604.604
0.420217	604.572
0.420107	604.629
0.423831	604.103
0.434584	602.933
0.561499	597.239
0.56196	597.229
0.561511	597.243
0.433907	603.021
0.56198	597.242
0.420815	604.415
0.420586	604.459
0.420594	604.459
0.421088	604.372
0.420533	604.474
0.420282	604.546
0.42035	604.524
0.420096	604.646
0.420094	604.648
0.420126	604.627
0.420121	604.63
0.420122	604.628
0.420063	604.672
0.420063	604.675
0.420063	604.675
0.420299	604.543
0.420105	604.637
0.420138	604.617
0.420189	604.581
0.420219	604.568
0.436474	602.691
0.435454	602.818
0.43608	602.746
0.420229	604.567
0.435313	602.841
0.420114	604.624
0.462764	599.483
0.465132	599.228
0.420112	604.624
0.420127	604.615
0.464825	599.274
0.420135	604.617
0.466607	599.075
0.420171	604.588
0.420084	604.646
0.420201	604.574
0.423376	604.144
0.424027	604.087
0.420063	604.67
0.420064	604.668
0.420073	604.659
0.420055	604.676
0.421339	604.337
0.421422	604.328
0.421593	604.306
0.421441	604.321
0.421889	604.274
0.420427	604.5
0.420492	604.485
0.420519	604.472
0.420469	604.484
0.420081	604.651
0.420112	604.629
0.420065	604.663
0.420135	604.613
0.420084	604.65
0.447859	601.236
0.549619	597.397
0.548648	597.4
0.549165	597.387
0.45234	600.684
0.451726	600.753
0.450528	600.905
0.420205	604.577
0.420217	604.578
0.42021	604.582
0.420192	604.593
0.420175	604.594
0.420245	604.567
0.423465	604.131
0.421007	604.39
0.420896	604.407
0.550135	597.391
0.420716	604.438
0.448811	601.101
0.447344	601.289
0.421185	604.365
0.421368	604.34
0.448717	601.119
0.446361	601.425
0.558776	597.296
0.423339	604.151
0.422857	604.193
0.548493	597.399
0.421999	604.261
0.422107	604.252
0.421656	604.298
0.421731	604.289
0.516558	596.778
0.516146	596.763
0.421605	604.301
0.420524	604.476
0.422467	604.217
0.420168	604.602
0.420895	604.395
0.421117	604.362
0.420955	604.386
0.420778	604.415
0.50648	596.847
0.42021	604.583
0.420168	604.601
0.42023	604.561
0.420266	604.555
0.420125	604.614
0.420322	604.532
0.420702	604.439
0.42073	604.434
0.420731	604.43
0.420607	604.457
0.420528	604.474
0.420819	604.418
0.421151	604.352
0.421138	604.355
0.561106	597.228
0.560769	597.261
0.55991	597.277
0.420056	604.675
0.420072	604.659
0.549839	597.407
0.550218	597.397
0.420056	604.676
0.42228	604.242
0.421664	604.305
0.421602	604.312
0.421892	604.28
0.421553	604.316
0.420692	604.442
0.42056	604.47
0.420465	604.494
0.420525	604.479
0.420222	604.559
0.420089	604.644
0.420121	604.622
0.420438	604.501
0.420981	604.39
0.42124	604.353
0.420505	604.487
0.424265	604.065
0.42465	604.032
0.420089	604.649
0.42348	604.138
0.422939	604.184
0.422593	604.214
0.423426	604.143
0.435133	602.867
0.420959	604.383
0.420838	604.406
0.421039	604.374
0.420983	604.384
0.421165	604.356
0.420808	604.411
0.420858	604.402
0.420741	604.421
0.420655	604.442
0.420678	604.436
0.420947	604.385
0.421099	604.365
0.420532	604.469
0.420688	604.44
0.420868	604.406
0.420671	604.436
0.441033	602.121
0.441928	601.999
0.442677	601.901
0.443544	601.787
0.441487	602.053
0.420918	604.391
0.440293	602.208
0.426687	603.849
0.425603	603.95
0.420168	604.599
0.426362	603.88
0.42043	604.5
0.420169	604.592
0.557771	597.301
0.558614	597.294
0.420631	604.446
0.420596	604.465
0.420495	604.489
0.420912	604.395
0.42042	604.509
0.420644	604.454
0.42028	604.554
0.420028	604.707
0.420438	604.494
0.447853	601.234
0.420549	604.464
0.420802	604.412
0.444899	601.613
0.423821	604.104
0.459492	599.832
0.42038	604.514
0.422617	604.204
0.449754	600.976
0.450789	600.854
0.4207	604.437
0.422975	604.177
0.423022	604.175
0.423446	604.138
0.420121	604.628
0.42077	604.422
0.420187	604.592
0.42028	604.548
0.420336	604.531
0.42028	604.55
0.420392	604.513
0.423596	604.13
0.422766	604.198
0.420252	604.559
0.420649	604.445
0.420609	604.453
0.420112	604.632
0.550061	597.393
0.420499	604.482
0.420551	604.469
0.420458	604.496
0.420126	604.612
0.421436	604.318
0.420089	604.636
0.420189	604.58
0.42022	604.565
0.420157	604.596
0.425289	603.976
0.423108	604.159
0.420753	604.427
0.420537	604.468
0.421591	604.306
0.422038	604.259
0.420098	604.647
0.420047	604.69
0.44189	601.966
0.561325	597.284
0.421173	604.359
0.421202	604.356
0.421174	604.359
0.42464	604.035
0.420075	604.656
0.424013	604.096
0.422391	604.22
0.444573	601.655
0.443413	601.802
0.421323	604.345
0.420123	604.615
0.420587	604.461
0.420769	604.424
0.420643	604.449
0.42049	604.483
0.420839	604.411
0.420075	604.653
0.420488	604.485
0.420616	604.46
0.420504	604.485
0.420448	604.496
0.446519	601.377
0.420554	604.471
0.444683	601.61
0.454271	600.443
0.421418	604.324
0.5019	596.928
0.420162	604.599
0.420243	604.564
0.425989	603.922
0.426615	603.861
0.427863	603.736
0.42007	604.654
0.420131	604.617
0.420632	604.442
0.420485	604.476
0.438289	602.467
0.439736	602.279
0.420609	604.448
0.420415	604.51
0.420649	604.451
0.420719	604.436
0.420187	604.584
0.445972	601.478
0.444764	601.633
0.445311	601.557
0.459767	599.821
0.420784	604.422
0.420928	604.397
0.421016	604.382
0.474319	598.372
0.547717	597.443
0.499884	596.958
0.425329	603.974
0.42028	604.554
0.420224	604.578
0.420252	604.563
0.420215	604.58
0.420318	604.54
0.476629	598.193
0.420152	604.611
0.450226	600.94
0.420316	604.533
0.457335	600.07
0.455322	600.313
0.495811	597.081
0.493765	597.153
0.420865	604.407
0.42077	604.425
0.420665	604.445
0.420281	604.541
0.42028	604.54
0.420168	604.585
0.420176	604.58
0.420244	604.552
0.420266	604.544
0.420656	604.44
0.420028	604.706
0.420205	604.582
0.420103	604.635
0.420182	604.59
0.420187	604.587
0.420049	604.687
0.420036	604.702
0.420038	604.699
0.429052	603.612
0.430036	603.493
0.421091	604.375
0.420855	604.41
0.420299	604.542
0.42098	604.388
0.420133	604.615
0.420159	604.599
0.420115	604.623
0.420199	604.578
0.440484	602.166
0.422453	604.223
0.422945	604.178
0.422645	604.209
0.420199	604.58
0.479471	597.964
0.420355	604.523
0.517361	596.806
0.518383	596.809
0.420691	604.444
0.420737	604.436
0.420756	604.431
0.421041	604.371
0.420124	604.618
0.459869	599.813
0.42395	604.101
0.42421	604.08
0.421058	604.38
0.420438	604.493
0.423772	604.117
0.424557	604.05
0.451478	600.769
0.420785	604.42
0.420615	604.454
0.422744	604.195
0.423057	604.168
0.420168	604.598
0.420168	604.597
0.42231	604.233
0.420224	604.576
0.420056	604.669
0.420278	604.554
0.420168	604.6
0.420147	604.613
0.420126	604.622
0.421117	604.366
0.421316	604.339
0.420588	604.459
0.420767	604.423
0.420049	604.685
0.420075	604.66
0.421012	604.383
0.420149	604.608
0.42004	604.692
0.42005	604.681
0.420139	604.614
0.420065	604.665
0.424573	604.047
0.424222	604.077
0.421943	604.27
0.421639	604.303
0.422283	604.238
0.546616	597.468
0.421782	604.287
0.420105	604.627
0.420084	604.656
0.420154	604.598
0.42007	604.667
0.420112	604.625
0.420149	604.605
0.420103	604.636
0.420535	604.48
0.420353	604.522
0.420313	604.536
0.420056	604.675
0.420221	604.574
0.420254	604.559
0.422187	604.248
0.421973	604.271
0.420168	604.603
0.420802	604.42
0.445547	601.534
0.446979	601.35
0.421773	604.288
0.420308	604.539
0.421874	604.273
0.422239	604.234
0.420261	604.556
0.420196	604.584
0.420317	604.535
0.439759	602.281
0.439358	602.335
0.453139	600.583
0.420056	604.673
0.42007	604.661
0.420084	604.645
0.420112	604.624
0.42014	604.606
0.420084	604.645
0.427774	603.744
0.427444	603.782
0.420056	604.668
0.420056	604.671
0.420042	604.684
0.430161	603.484
0.436793	602.65
0.542613	597.332
0.539138	597.24
0.420112	604.631
0.420177	604.597
0.420256	604.562
0.420233	604.573
0.423986	604.09
0.423471	604.134
0.421763	604.294
0.420248	604.559
0.420042	604.689
0.420075	604.658
0.420056	604.674
0.420093	604.646
0.422413	604.227
0.420035	604.697
0.420163	604.589
0.420049	604.681
0.420189	604.592
0.420168	604.603
0.420178	604.596
0.420042	604.689
0.422183	604.245
0.422429	604.223
0.422757	604.192
0.422972	604.176
0.421947	604.268
0.458478	599.936
0.421206	604.35
0.421283	604.339
0.420414	604.498
0.420112	604.632
0.542853	597.329
0.420126	604.626
0.420112	604.626
0.423169	604.161
0.42014	604.607
0.423283	604.152
0.42364	604.125
0.420056	604.669
0.422989	604.179
0.420279	604.549
0.420042	604.686
0.420274	604.55
0.421137	604.371
0.420977	604.395
0.420103	604.627
0.421154	604.367
0.421048	604.384
0.42932	603.571
0.460763	599.696
0.420448	604.495
0.459748	599.812
0.420069	604.66
0.485416	597.539
0.422306	604.233
0.422299	604.234
0.42104	604.379
0.421202	604.356
0.421308	604.343
0.424613	604.05
0.424114	604.088
0.423567	604.136
0.424746	604.035
0.420051	604.682
0.421092	604.374
0.421216	604.355
0.433702	603.041
0.420084	604.646
0.428269	603.699
0.449767	600.973
0.420109	604.623
0.420089	604.637
0.420837	604.412
0.420705	604.437
0.420168	604.597
0.420789	604.42
0.420222	604.573
0.421724	604.293
0.436424	602.701
0.420079	604.656
0.420266	604.551
0.420327	604.526
0.420408	604.501
0.42006	604.676
0.482802	597.73
0.420967	604.393
0.420469	604.49
0.420435	604.5
0.5395	597.281
0.432023	603.249
0.421391	604.326
0.484161	597.634
0.485461	597.533
0.420454	604.482
0.448425	601.167
0.422019	604.265
0.420648	604.449
0.420795	604.421
0.420714	604.437
0.420842	604.413
0.434176	602.985
0.431299	603.347
0.420147	604.597
0.420126	604.613
0.420173	604.585
0.420252	604.551
0.42022	604.562
0.50254	596.918
0.420315	604.53
0.420417	604.503
0.45711	600.097
0.420059	604.676
0.458583	599.931
0.420059	604.674
0.420083	604.652
0.420321	604.529
0.517443	596.783
0.420056	604.676
0.519214	596.828
0.475045	598.321
0.474027	598.397
0.420287	604.542
0.420362	604.514
0.497666	597.017
0.499099	596.96
0.461602	599.62
0.463293	599.427
0.420147	604.613
0.420114	604.63
0.420131	604.609
0.421648	604.298
0.487256	597.453
0.420231	604.565
0.420294	604.543
0.420266	604.557
0.420084	604.655
0.420235	604.565
0.420047	604.692
0.420367	604.516
0.497618	597.024
0.420352	604.52
0.421827	604.279
0.420054	604.674
0.420072	604.657
0.421235	604.358
0.495157	597.117
0.421904	604.28
0.421215	604.36
0.497044	597.051
0.421416	604.329
0.455283	600.317
0.420205	604.583
0.448266	601.157
0.470134	598.743
0.425679	603.95
0.42352	604.136
0.471846	598.58
0.423365	604.141
0.420411	604.504
0.43817	602.488
0.436874	602.655
0.436389	602.716
0.420034	604.703
0.420538	604.474
0.420448	604.499
0.42119	604.352
0.421412	604.326
0.421111	604.364
0.421496	604.315
0.479772	597.94
0.420904	604.397
0.421503	604.316
0.420717	604.439
0.420901	604.407
0.420733	604.433
0.466302	599.1
0.420149	604.607
0.421139	604.367
0.422172	604.249
0.420504	604.48
0.424062	604.087
0.42401	604.094
0.42086	604.403
0.420259	604.555
0.421542	604.308
0.491779	597.248
0.493166	597.179
0.420877	604.405
0.420504	604.476
0.420556	604.463
0.420226	604.574
0.420198	604.588
0.420028	604.707
0.43379	603.035
0.450872	600.857
0.449334	601.05
0.449885	600.979
0.451535	600.783
0.421181	604.36
0.421159	604.364
0.435182	602.861
0.435121	602.864
0.420071	604.651
0.433604	603.059
0.421403	604.325
0.424551	604.04
0.423032	604.164
0.423473	604.131
0.422995	604.171
0.42028	604.553
0.420336	604.534
0.420097	604.634
0.421276	604.343
0.421244	604.347
0.421505	604.314
0.420657	604.434
0.420084	604.651
0.420075	604.656
0.420076	604.658
0.420028	604.706
0.42025	604.559
0.420089	604.648
0.4213	604.339
0.421305	604.34
0.421976	604.271
0.422267	604.242
0.569244	596.79
0.568987	596.851
0.568448	596.897
0.568368	596.92
0.423076	604.173
0.567869	596.967
0.567752	596.968
0.568558	596.892
0.569554	596.741
0.420131	604.617
0.518979	596.822
0.520194	596.835
0.420045	604.692
0.42007	604.662
0.520999	596.839
0.420112	604.631
0.42005	604.68
0.420056	604.672
0.534711	597.122
0.536051	597.159
0.535347	597.188
0.536541	597.217
0.534049	597.144
0.534704	597.157
0.533489	597.094
0.532752	597.102
0.424543	604.053
0.420392	604.504
0.420392	604.504
0.422983	604.176
0.424018	604.085
0.420655	604.445
0.422853	604.182
0.423214	604.151
0.420112	604.637
0.420163	604.596
0.420116	604.627
0.420094	604.64
0.426513	603.87
0.473239	598.461
0.426	603.921
0.420653	604.443
0.420252	604.552
0.421424	604.331
0.42117	604.364
0.421447	604.327
0.550722	597.407
0.421361	604.337
0.421741	604.295
0.421693	604.3
0.420491	604.484
0.442735	601.887
0.441247	602.083
0.421989	604.27
0.420126	604.626
0.420166	604.605
0.420721	604.432
0.442914	601.835
0.446049	601.456
0.420233	604.562
0.421729	604.293
0.420196	604.579
0.420073	604.662
0.421489	604.317
0.42052	604.473
0.423482	604.129
0.423805	604.104
0.420093	604.644
0.420084	604.65
0.420043	604.687
0.420111	604.631
0.420335	604.526
0.420266	604.552
0.420111	604.63
0.420258	604.551
0.420112	604.628
0.420042	604.685
0.420035	604.693
0.420145	604.611
0.420063	604.662
0.453282	600.55
0.420038	604.694
0.42035	604.518
0.420416	604.5
0.420504	604.479
0.420523	604.472
0.420413	604.5
0.420315	604.531
0.420189	604.59
0.42433	604.067
0.420061	604.661
0.421454	604.323
0.420368	604.512
0.420347	604.522
0.425304	603.983
0.42032	604.532
0.426912	603.832
0.42025	604.556
0.420356	604.519
0.420178	604.587
0.420546	604.473
0.420445	604.5
0.420411	604.511
0.422194	604.25
0.420056	604.676
0.420028	604.707
0.420049	604.683
0.535914	597.194
0.533262	597.062
0.420159	604.606
0.420129	604.622
0.560492	597.261
0.420338	604.528
0.422784	604.194
0.420028	604.711
0.420586	604.458
0.420084	604.651
0.420056	604.676
0.420056	604.674
0.420028	604.706
0.420075	604.657
0.42021	604.567
0.420245	604.552
0.42007	604.659
0.420033	604.701
0.420028	604.707
0.420042	604.689
0.420089	604.638
0.421519	604.316
0.420329	604.53
0.420391	604.504
0.462644	599.502
0.461293	599.652
0.420382	604.516
0.421968	604.268
0.462915	599.473
0.532221	597.055
0.424871	604.022
0.420251	604.548
0.420228	604.56
0.425197	603.995
0.420047	604.676
0.420093	604.631
0.420056	604.676
0.42007	604.659
0.42014	604.605
0.420357	604.524
0.420028	604.705
0.45643	600.18
0.424112	604.087
0.426127	603.897
0.420333	604.529
0.420268	604.552
0.420327	604.53
0.420501	604.48
0.420224	604.575
0.42171	604.302
0.421536	604.32
0.421058	604.381
0.42692	603.822
0.568782	596.899
0.569446	596.786
0.42028	604.539
0.423827	604.096
0.421347	604.33
0.420951	604.383
0.452572	600.652
0.422113	604.259
0.42054	604.471
0.44346	601.8
0.420516	604.482
0.421057	604.372
0.421068	604.371
0.42046	604.491
0.420434	604.5
0.420222	604.564
0.468244	598.916
0.420964	604.39
0.42007	604.662
0.424504	604.052
0.420599	604.456
0.420519	604.476
0.420083	604.645
0.420477	604.479
0.534312	597.092
0.420921	604.4
0.420967	604.392
0.420031	604.706
0.420044	604.694
0.564529	597.224
0.420598	604.46
0.420168	604.603
0.420191	604.591
0.532116	597.065
0.420372	604.524
0.420288	604.549
0.420327	604.524
0.420448	604.5
0.422656	604.201
0.420413	604.511
0.420076	604.649
0.544447	597.389
0.420071	604.661
0.420093	604.643
0.420053	604.677
0.420299	604.543
0.421046	604.373
0.420084	604.655
0.420084	604.652
0.420105	604.636
0.422338	604.239
0.421534	604.306
0.42209	604.255
0.542607	597.333
0.420444	604.489
0.422518	604.215
0.420752	604.43
0.420597	604.461
0.420954	604.394
0.420031	604.709
0.435132	602.868
0.420329	604.531
0.420374	604.521
0.420224	604.567
0.567801	596.98
0.569181	596.796
0.420512	604.471
0.420881	604.41
0.569649	596.711
0.420242	604.56
0.420161	604.594
0.420161	604.599
0.420317	604.531
0.420224	604.57
0.420358	604.523
0.42045	604.494
0.42658	603.868
0.427403	603.785
0.426361	603.887
0.427133	603.813
0.425817	603.938
0.427584	603.765
0.420538	604.469
0.420126	604.627
0.420084	604.654
0.420227	604.574
0.420258	604.56
0.420488	604.488
0.420327	604.525
0.420063	604.667
0.420354	604.529
0.42085	604.404
0.5694	596.836
0.420502	604.481
0.421022	604.378
0.420896	604.401
0.536915	597.161
0.420093	604.646
0.420056	604.676
0.420189	604.584
0.420182	604.586
0.425544	603.966
0.425176	603.993
0.424891	604.018
0.42043	604.505
0.420067	604.665
0.424886	604.021
0.558097	597.285
0.421521	604.323
0.444156	601.711
0.420073	604.656
0.420297	604.543
0.420191	604.584
0.420471	604.486
0.420569	604.462
0.420714	604.432
0.42009	604.647
0.453454	600.537
0.426127	603.909
0.425314	603.987
0.5634	597.276
0.563353	597.259
0.42129	604.338
0.421267	604.342
0.421004	604.387
0.420704	604.434
0.420628	604.454
0.500832	596.941
0.426622	603.861
0.42102	604.387
0.421271	604.351
0.420068	604.657
0.420105	604.641
0.420874	604.404
0.420084	604.649
0.442659	601.907
0.425085	603.993
0.42537	603.983
0.43777	602.533
0.420611	604.456
0.564224	597.261
0.420117	604.622
0.420084	604.644
0.421187	604.353
0.420142	604.605
0.464886	599.246
0.421383	604.327
0.420208	604.583
0.420177	604.596
0.420276	604.554
0.42399	604.091
0.42016	604.605
0.420185	604.593
0.420143	604.615
0.550448	597.406
0.454457	600.413
0.430719	603.413
0.420551	604.465
0.421178	604.36
0.421472	604.319
0.452644	600.633
0.451812	600.741
0.421751	604.291
0.420028	604.703
0.420051	604.677
0.420037	604.695
0.441051	602.118
0.42042	604.494
0.42015	604.607
0.42011	604.633
0.420079	604.651
0.42021	604.573
0.420158	604.597
0.420231	604.563
0.420193	604.584
0.420739	604.429
0.420197	604.584
0.420377	604.516
0.420309	604.537
0.420103	604.634
0.421013	604.375
0.493638	597.166
0.42156	604.318
0.567169	597.095
0.434069	603.003
0.422089	604.248
0.44441	601.673
0.420203	604.583
0.421588	604.308
0.420462	604.495
0.567942	597.003
0.427523	603.768
0.420097	604.641
0.422651	604.206
0.42043	604.496
0.489009	597.371
0.420098	604.631
0.42149	604.325
0.42021	604.564
0.420198	604.583
0.424405	604.064
0.568652	596.909
0.569298	596.85
0.420927	604.397
0.420296	604.54
0.471176	598.647
0.420031	604.699
0.420049	604.685
0.420227	604.569
0.420244	604.555
0.509143	596.815
0.42031	604.531
0.420084	604.646
0.420056	604.67
0.420056	604.672
0.420028	604.701
0.42007	604.657
0.420078	604.648
0.420803	604.423
0.420401	604.506
0.439507	602.3
0.420175	604.585
0.420887	604.403
0.421036	604.379
0.420031	604.704
0.420795	604.418
0.55908	597.305
0.420558	604.468
0.437971	602.496
0.422175	604.254
0.422447	604.228
0.420056	604.673
0.420762	604.428
0.420513	604.475
0.464528	599.272
0.421024	604.381
0.425213	603.989
0.437449	602.567
0.537484	597.208
0.420084	604.652
0.423276	604.151
0.423665	604.119
0.421788	604.287
0.422689	604.2
0.465668	599.19
0.564077	597.237
0.56363	597.257
0.563552	597.243
0.435378	602.837
0.435319	602.847
0.420054	604.676
0.423435	604.138
0.569632	596.743
0.473448	598.449
0.420242	604.561
0.420229	604.569
0.42028	604.55
0.420388	604.512
0.420362	604.521
0.420483	604.487
0.420444	604.496
0.4201	604.631
0.420128	604.614
0.420492	604.484
0.420281	604.547
0.420112	604.629
0.420597	604.46
0.42045	604.494
0.420455	604.488
0.420329	604.526
0.420759	604.419
0.420568	604.466
0.420056	604.675
0.420084	604.65
0.429478	603.562
0.427094	603.803
0.420028	604.698
0.42014	604.603
0.420126	604.621
0.420105	604.64
0.420111	604.63
0.420322	604.531
0.501026	596.952
0.420095	604.635
0.420147	604.613
0.420157	604.608
0.543205	597.329
0.543807	597.341
0.420187	604.589
0.420224	604.571
0.543423	597.372
0.421748	604.291
0.420112	604.63
0.421375	604.333
0.421082	604.371
0.420084	604.649
0.420168	604.596
0.420149	604.609
0.420157	604.604
0.420171	604.596
0.420046	604.692
0.438676	602.414
0.420084	604.649
0.517086	596.805
0.420608	604.45
0.486034	597.516
0.42028	604.54
0.420233	604.557
0.420286	604.535
0.420175	604.588
0.420264	604.546
0.420237	604.558
0.420047	604.69
0.42343	604.131
0.422638	604.198
0.424243	604.062
0.421175	604.358
0.425153	604
0.420523	604.472
0.420052	604.665
0.422151	604.254
0.420504	604.475
0.420504	604.476
0.42036	604.51
0.521057	596.848
0.522007	596.857
0.420064	604.656
0.420094	604.631
0.421236	604.346
0.420031	604.71
0.420189	604.592
0.420513	604.481
0.420028	604.701
0.420056	604.669
0.420028	604.703
0.420041	604.682
0.420357	604.523
0.424944	604.012
0.420283	604.547
0.420316	604.534
0.42004	604.683
0.420233	604.566
0.557017	597.275
0.556515	597.29
0.420201	604.581
0.420042	604.68
0.420431	604.494
0.420971	604.388
0.420111	604.626
0.420154	604.609
0.420122	604.628
0.42014	604.619
0.420175	604.599
0.420136	604.619
0.420469	604.487
0.420049	604.683
0.420302	604.528
0.420346	604.516
0.420429	604.491
0.420621	604.443
0.420158	604.602
0.420053	604.67
0.420034	604.688
0.420028	604.707
0.420206	604.586
0.425057	604.006
0.420455	604.497
0.421293	604.338
0.464322	599.325
0.421887	604.283
0.420821	604.413
0.421846	604.288
0.420944	604.399
0.421067	604.381
0.42035	604.525
0.420504	604.486
0.420381	604.512
0.420157	604.606
0.531787	596.97
0.420422	604.493
0.420195	604.583
0.42007	604.651
0.420093	604.632
0.420056	604.675
0.424562	604.043
0.420056	604.674
0.57	599.199
0.57	598.971
0.42018	604.591
0.420146	604.61
0.562332	597.242
0.562725	597.247
0.420168	604.592
0.420168	604.592
0.420155	604.609
0.42014	604.606
0.420224	604.572
0.421532	604.318
0.57	599.157
0.57	599.516
0.420229	604.568
0.420028	604.708
0.420038	604.691
0.420105	604.633
0.42592	603.925
0.420283	604.539
0.420236	604.559
0.420026	604.713
0.420864	604.412
0.420399	604.511
0.435651	602.801
0.420541	604.473
0.426557	603.867
0.420126	604.623
0.422105	604.262
0.420396	604.51
0.428986	603.622
0.421301	604.347
0.420084	604.65
0.425998	603.921
0.420287	604.542
0.420241	604.558
0.420451	604.494
0.420212	604.571
0.420053	604.669
0.420161	604.593
0.57	599.299
0.421078	604.368
0.420399	604.512
0.420305	604.542
0.422536	604.222
0.42222	604.25
0.537112	597.194
0.420311	604.53
0.420105	604.64
0.420088	604.629
0.420321	604.538
0.424585	604.042
0.424445	604.057
0.420183	604.59
0.420292	604.54
0.420416	604.502
0.420219	604.565
0.420228	604.563
0.539044	597.245
0.42037	604.508
0.42033	604.519
0.563973	597.235
0.57	599.235
0.420121	604.624
0.481104	597.846
0.420299	604.542
0.420665	604.447
0.420211	604.572
0.420603	604.46
0.420238	604.565
0.420378	604.511
0.42018	604.59
0.562424	597.225
0.420429	604.501
0.425757	603.946
0.562399	597.226
0.420315	604.528
0.420546	604.472
0.420845	604.41
0.420845	604.41
0.424487	604.041
0.420075	604.657
0.420098	604.639
0.42021	604.577
0.423908	604.099
0.420409	604.502
0.420281	604.534
0.42042	604.493
0.420028	604.71
0.420395	604.509
0.420037	604.694
0.499655	596.965
0.499182	596.995
0.420028	604.707
0.420174	604.586
0.420093	604.642
0.469425	598.812
0.57	598.934
0.420559	604.459
0.420504	604.478
0.420132	604.621
0.423005	604.172
0.420344	604.524
0.420397	604.51
0.420229	604.573
0.522853	596.859
0.52368	596.882
0.522849	596.871
0.524579	596.885
0.55423	597.325
0.53791	597.205
0.538201	597.215
0.420168	604.592
0.420126	604.614
0.420168	604.603
0.569673	596.708
0.428501	603.671
0.420056	604.68
0.420296	604.547
0.554373	597.295
0.527796	596.95
0.528504	596.985
0.52703	596.957
0.527795	596.958
0.526162	596.915
0.529345	596.981
0.537551	597.229
0.467661	598.987
0.436495	602.698
0.526162	596.934
0.420273	604.544
0.529367	596.989
0.554963	597.32
0.555415	597.291
0.554918	597.301
0.555994	597.317
0.420296	604.542
0.420028	604.701
0.428746	603.644
0.42783	603.739
0.538445	597.234
0.531456	597.056
0.420053	604.678
0.420084	604.655
0.420152	604.604
0.421535	604.313
0.420891	604.402
0.420381	604.514
0.420189	604.584
0.42007	604.652
0.433909	603.025
0.420084	604.653
0.464307	599.329
0.420256	604.552
0.495288	597.106
0.420049	604.677
0.555948	597.284
0.420252	604.556
0.563174	597.26
0.420075	604.657
0.420056	604.674
0.420436	604.493
0.420467	604.485
0.465169	599.218
0.420149	604.602
0.524559	596.9
0.42037	604.515
0.420436	604.492
0.420367	604.512
0.563876	597.259
0.420028	604.707
0.420325	604.526
0.46602	599.121
0.466261	599.117
0.425475	603.969
0.420191	604.584
0.432628	603.188
0.420124	604.607
0.420292	604.536
0.420053	604.668
0.420035	604.688
0.488085	597.421
0.420415	604.495
0.459849	599.787
0.420189	604.584
0.420504	604.474
0.420028	604.706
0.52998	597.012
0.530896	597.021
0.469475	598.807
0.420053	604.675
0.42035	604.517
0.46071	599.695
0.420056	604.671
0.486676	597.463
0.420197	604.585
0.469663	598.784
0.424577	604.048
0.420126	604.625
0.420037	604.695
0.487205	597.444
0.525354	596.918
0.420075	604.657
0.420353	604.515
0.562397	597.323
0.42043	604.495
0.420189	604.59
0.530806	597.015
0.420093	604.63
0.420056	604.674
0.420028	604.704
0.420236	604.565
0.420207	604.577
0.420278	604.549
0.563501	597.25
0.562862	597.258
0.420177	604.591
0.420249	604.563
0.420374	604.519
0.420328	604.531
0.562795	597.245
0.42014	604.603
0.487966	597.413
0.466103	599.139
0.563118	597.246
)
