(title "Wall Temperature")
(labels "Position" "Wall Temperature")

((xy/key/label "reducer_solid")
0.238	626.76
0.238	626.837
0.238	626.848
0.238	626.821
0.238	626.819
0.238	626.752
0.238	626.832
0.238	626.744
0.238	626.826
0.238	626.836
0.238	626.743
0.238	626.822
0.238	626.736
0.238	626.818
0.238	626.736
0.238	626.837
0.2	634.971
0.200281	634.94
0.2	634.967
0.200278	634.831
0.2	634.859
0.2	634.854
0.200239	634.937
0.2	634.96
0.2	634.961
0.2	634.958
0.200239	634.935
0.200239	634.912
0.2	634.932
0.2	634.936
0.2	634.895
0.2	634.897
0.200248	634.875
0.2	634.891
0.200241	634.869
0.2	634.891
0.2	634.897
0.200241	634.875
0.2	634.896
0.2	634.895
0.200244	634.872
0.2	634.894
0.200242	634.875
0.2	634.896
0.2	634.896
0.2	634.834
0.200242	634.815
0.2	634.841
0.200243	634.817
0.2	634.839
0.2	634.892
0.2	634.893
0.200241	634.87
0.2	634.836
0.200239	634.815
0.2	634.834
0.2	634.847
0.200249	634.825
0.2	634.844
0.20024	634.814
0.2	634.832
0.2	634.881
0.200241	634.859
0.2	634.881
0.2	634.875
0.2	634.877
0.200247	634.854
0.20024	634.856
0.2	634.878
0.2	634.866
0.200241	634.842
0.2	634.863
0.200242	634.844
0.2	634.868
0.200239	634.84
0.2	634.862
0.200239	634.871
0.2	634.892
0.2	634.892
0.238	626.771
0.238	626.823
0.238	626.746
0.238	626.845
0.238	626.857
0.238	626.756
0.238	626.754
0.238	626.856
0.238	626.766
0.238	626.783
0.238	626.823
0.238	626.759
0.238	626.768
0.238	626.765
0.238	626.724
0.2	634.845
0.200239	634.826
0.2	634.848
0.2	634.892
0.20024	634.872
0.2	634.892
0.2	634.842
0.200239	634.824
0.200239	634.873
0.2	634.893
0.200257	634.941
0.200256	634.832
0.2	634.891
0.2	634.893
0.200239	634.871
0.2	634.9
0.2	634.903
0.200241	634.88
0.2	634.886
0.200239	634.864
0.2	634.885
0.20024	634.871
0.2	634.85
0.200239	634.828
0.200239	634.877
0.2	634.874
0.200239	634.853
0.200242	634.869
0.2	634.891
0.2	634.891
0.200245	634.865
0.2	634.887
0.200241	634.871
0.2	634.964
0.200239	634.94
0.2	634.963
0.200239	634.939
0.2	634.897
0.2	634.896
0.20024	634.875
0.2	634.87
0.200239	634.847
0.200241	634.873
0.2	634.896
0.2	634.872
0.200241	634.849
0.2	634.951
0.200241	634.927
0.2	634.947
0.200241	634.87
0.20024	634.874
0.200241	634.875
0.2	634.837
0.20024	634.816
0.200242	634.87
0.2	634.923
0.200241	634.899
0.2	634.918
0.200239	634.933
0.2	634.954
0.200239	634.93
0.2	634.906
0.200242	634.883
0.200244	634.862
0.2	634.883
0.2	634.884
0.2	634.884
0.20024	634.863
0.200241	634.818
0.200239	634.821
0.2	634.838
0.200239	634.908
0.2	634.927
0.200239	634.869
0.2	634.891
0.2	634.894
0.20024	634.874
0.2	634.841
0.200239	634.823
0.2	634.879
0.200242	634.857
0.20024	634.895
0.2	634.914
0.200245	634.868
0.2	634.889
0.20024	634.904
0.200247	634.873
0.200243	634.923
0.2	634.942
0.200241	634.861
0.2	634.882
0.2	634.831
0.200239	634.814
0.2	634.832
0.200239	634.829
0.2	634.85
0.20024	634.851
0.200239	634.831
0.2	634.852
0.20024	634.861
0.2	634.88
0.2	634.879
0.200239	634.858
0.200245	634.873
0.200239	634.867
0.2	634.887
0.20024	634.813
0.2	634.83
0.2	634.833
0.200239	634.866
0.200242	634.818
0.2	634.838
0.200241	634.863
0.20024	634.859
0.200239	634.941
0.2	634.964
0.20024	634.942
0.2	634.965
0.200239	634.815
0.200241	634.86
0.2	634.91
0.200239	634.891
0.200241	634.821
0.2	634.84
0.200239	634.823
0.20024	634.887
0.2	634.854
0.20024	634.831
0.2	634.938
0.200239	634.916
0.200239	634.869
0.200239	634.875
0.200242	634.92
0.2	634.851
0.200239	634.831
0.2	634.848
0.200239	634.813
0.200241	634.834
0.2	634.854
0.200245	634.828
0.200242	634.837
0.200241	634.813
0.225	629.529
0.225	629.815
0.225	629.811
0.225	629.818
0.225	629.569
0.225	629.807
0.225	629.805
0.225	629.493
0.225	629.808
0.225719	629.75
0.225	629.832
0.225	629.8
0.225638	629.768
0.22	625.218
0.22	625.141
0.22	624.488
0.22	623.909
0.22	624.005
0.238	626.308
0.238	626.23
0.238	626.134
0.216562	629.305
0.215951	629.609
0.216964	629.063
0.22	623.559
0.22	623.667
0.225	629.828
0.225	629.789
0.225719	629.75
0.225638	629.767
0.225	629.63
0.238	626.685
0.213926	630.614
0.214939	630.084
0.214883	630.164
0.238	626.576
0.238	626.515
0.238	626.447
0.238	626.565
0.238	626.438
0.238	626.509
0.238	626.666
0.227339	629.152
0.227021	629.29
0.226486	629.479
0.22	623.906
0.22	624.486
0.22	624.003
0.208865	632.699
0.208647	632.796
0.207852	633.07
0.238	625.862
0.238	625.939
0.238	626.002
0.225	629.417
0.225	629.567
0.21047	632.1
0.209877	632.332
0.210889	631.927
0.225	628.895
0.225	628.658
0.225	629.118
0.209423	632.519
0.225	629.517
0.225	628.166
0.225	628.422
0.20525	633.839
0.205787	633.688
0.204772	633.994
0.203771	634.263
0.203927	634.202
0.214924	630.139
0.215637	629.792
0.215939	629.611
0.202883	634.52
0.203813	634.27
0.203676	634.333
0.202855	634.46
0.202976	634.425
0.202224	634.659
0.202123	634.69
0.225	626.721
0.225	626.667
0.225	626.152
0.201632	634.769
0.201519	634.794
0.225	627.167
0.225	627.664
0.225	627.383
0.236681	626.057
0.237026	625.958
0.207296	633.225
0.207817	633.049
0.206802	633.386
0.20238	634.544
0.202088	634.598
0.2215	623.517
0.22	623.439
0.221001	623.468
0.225	626.654
0.225	626.9
0.218988	627.747
0.22	626.432
0.219134	627.657
0.224318	623.378
0.225	623.343
0.225	623.337
0.225	623.506
0.225	624.266
0.225	624.574
0.225	624.156
0.225	626.321
0.225	626.119
0.238	625.84
0.238	625.854
0.237131	625.951
0.238	625.96
0.238	625.853
0.238	626.015
0.237134	625.951
0.225	623.333
0.225	623.34
0.225	623.495
0.224278	623.387
0.201741	634.658
0.201476	634.701
0.22	623.564
0.22	623.41
0.22	623.415
0.220971	623.472
0.201024	634.865
0.201159	634.845
0.22	623.424
0.22	623.395
0.22	623.559
0.225	623.349
0.225	623.351
0.225	623.52
0.223826	623.433
0.225	623.35
0.22385	623.433
0.225	623.521
0.22	623.415
0.220957	623.468
0.22	623.585
0.225	623.509
0.225	623.337
0.225	623.43
0.22	626.454
0.22	626.463
0.219133	627.653
0.22	626.498
0.22	625.184
0.22	626.48
0.22	623.405
0.22	623.607
0.22086	623.46
0.225	623.341
0.225	623.506
0.225	623.324
0.224409	623.362
0.22	623.418
0.22	623.645
0.220991	623.474
0.225	624.412
0.225	624.178
0.225	624.63
0.223907	623.427
0.225	623.348
0.225	623.512
0.22	623.668
0.200609	634.805
0.200497	634.815
0.22	623.42
0.22	623.416
0.22	623.618
0.220957	623.468
0.220626	623.436
0.22	623.415
0.22	623.645
0.225	623.322
0.223999	623.411
0.22	623.411
0.220941	623.468
0.22	623.587
0.22	626.479
0.22	625.347
0.219134	627.649
0.22	626.48
0.22	626.476
0.200793	634.893
0.200618	634.91
0.219097	627.684
0.22	626.442
0.218985	627.751
0.238	625.967
0.238	625.839
0.238	625.841
0.237131	625.947
0.221001	623.465
0.200502	634.922
0.22	625.14
0.22	626.49
0.22	626.488
0.220957	623.469
0.22	623.414
0.22	623.42
0.22	623.604
0.22	623.409
0.22	623.578
0.220973	623.469
0.22	626.478
0.22	626.482
0.22	625.08
0.224045	623.411
0.225	623.33
0.225	623.47
0.225	623.568
0.225	623.349
0.223876	623.428
0.225	623.515
0.220696	623.443
0.22	623.42
0.22	623.419
0.22	623.597
0.221045	623.476
0.22	626.398
0.22	626.451
0.22	625.393
0.22	623.622
0.22	623.424
0.221079	623.479
0.22	623.424
0.22	623.642
0.221119	623.482
0.22	626.481
0.225	623.341
0.225	623.502
0.223921	623.424
0.22	626.477
0.22	625.47
0.22	626.476
0.225	629.794
0.225656	629.765
0.225	629.821
0.22562	629.773
0.225636	629.77
0.225	629.803
0.225633	629.767
0.225	629.802
0.225	629.802
0.225	629.803
0.225	629.807
0.225	629.533
0.225	629.815
0.225656	629.762
0.219133	627.651
0.219134	627.656
0.225666	629.76
0.225	629.575
0.225	629.503
0.225	629.507
0.22562	629.767
0.225622	629.777
0.22564	629.767
0.225666	629.764
0.225636	629.776
0.22	626.486
0.219133	627.651
0.22	626.374
0.219133	627.645
0.219134	627.65
0.219131	627.652
0.22	626.477
0.22	626.461
0.21913	627.647
0.22	626.466
0.219133	627.647
0.22	626.471
0.22	626.472
0.219133	627.647
0.219134	627.658
0.22	626.396
0.219131	627.647
0.21913	627.651
0.22	626.481
0.205828	633.699
0.20684	633.41
0.206834	633.421
0.225	623.353
0.225	623.341
0.225	623.516
0.224005	623.415
0.220859	623.46
0.22	623.413
0.22	623.676
0.2225	623.536
0.223	623.515
0.2235	623.477
0.22	625.305
0.225	623.339
0.224429	623.368
0.224128	623.401
0.22	625.339
0.224019	623.42
0.22	625.486
0.224033	623.412
0.223934	623.429
0.224283	623.382
0.221019	623.479
0.220658	623.439
0.22	623.397
0.22059	623.427
0.22	625.069
0.22	625.42
0.22	623.405
0.220851	623.461
0.225	623.338
0.22	625.019
0.220869	623.465
0.22	623.394
0.220896	623.467
0.221006	623.479
0.22	623.414
0.220625	623.437
0.224298	623.38
0.220605	623.432
0.22	623.409
0.223935	623.429
0.225	623.34
0.224391	623.368
0.22	625.092
0.225	629.527
0.224129	623.401
0.225	623.328
0.22424	623.386
0.225	623.334
0.224232	623.389
0.224004	623.421
0.225	623.326
0.224375	623.371
0.22	623.411
0.220875	623.462
0.223357	623.49
0.223	623.516
0.222534	623.534
0.224151	623.398
0.225	623.336
0.224131	623.4
0.225	629.511
0.224179	623.395
0.225	623.343
0.220985	623.473
0.225	623.337
0.225	629.656
0.221595	623.521
0.22	624.539
0.225	623.328
0.224189	623.394
0.220802	623.455
0.22	625.169
0.22	623.401
0.220779	623.452
0.220765	623.451
0.22426	623.384
0.225	623.334
0.223691	623.453
0.22	625.108
0.224302	623.376
0.22	625.398
0.225	623.329
0.224293	623.378
0.22	625.032
0.220979	623.47
0.225	623.337
0.22429	623.378
0.22	625.423
0.224353	623.371
0.225	623.335
0.22	625.257
0.22	625.026
0.22	623.399
0.220978	623.471
0.223707	623.45
0.224363	623.368
0.22101	623.473
0.22	623.393
0.22	625.446
0.22	624.546
0.22	623.49
0.219133	627.657
0.220995	623.471
0.225	629.501
0.221033	623.474
0.22	623.398
0.22	623.581
0.22	623.523
0.22	623.392
0.221022	623.474
0.22	623.455
0.22	623.621
0.22	623.6
0.22	623.512
0.238	625.961
0.238	625.844
0.237129	625.95
0.22	623.563
0.22	623.522
0.22	623.605
0.22	623.471
0.22	623.454
0.22	623.642
0.22	623.471
0.221157	623.492
0.223965	623.419
0.22	625.391
0.22	623.526
0.22	623.454
0.22	623.642
0.22	623.655
0.22	623.471
0.22	623.52
0.22	623.451
0.22	623.638
0.22	623.467
0.22	625.171
0.219133	627.628
0.202814	634.535
0.200785	634.789
0.201176	634.744
0.201001	634.765
0.218274	628.312
0.204476	634.12
0.217436	628.803
0.217976	628.504
0.218197	628.34
0.20792	633.041
0.217415	628.807
0.21797	628.509
0.206311	633.536
0.219134	627.638
0.223019	623.515
0.223515	623.474
0.223523	623.477
0.221515	623.519
0.222007	623.539
0.222515	623.537
0.215685	629.779
0.222504	623.537
0.223004	623.515
0.223508	623.475
0.222019	623.538
0.22301	623.515
0.223503	623.477
0.223	623.515
0.21399	630.596
0.221523	623.519
0.224416	623.361
0.221945	623.538
0.22343	623.484
0.213243	630.936
0.22148	623.517
0.221501	623.519
0.223626	623.464
0.22277	623.526
0.22342	623.487
0.223487	623.479
0.222623	623.536
0.222601	623.536
0.223407	623.484
0.223337	623.49
0.221844	623.535
0.222661	623.532
0.2215	623.518
0.221766	623.532
0.223015	623.512
0.216955	629.065
0.216519	629.318
0.221837	623.533
0.223392	623.488
0.222517	623.536
0.221693	623.529
0.222467	623.536
0.223271	623.493
0.223305	623.493
0.221616	623.524
0.22164	623.526
0.221824	623.532
0.222639	623.531
0.222682	623.53
0.214887	630.159
0.223529	623.472
0.238	626.379
0.221818	623.531
0.213321	630.891
0.212894	631.085
0.212489	631.267
0.225	629.63
0.223518	623.473
0.223576	623.468
0.22	624.323
0.22	624.299
0.22	623.86
0.22	624.246
0.22	624.303
0.22	623.859
0.223612	623.463
0.226198	629.586
0.238	626.652
0.222754	623.524
0.221927	623.534
0.22281	623.522
0.22213	623.538
0.221963	623.534
0.226198	629.585
0.208227	632.912
0.22	623.746
0.22	624.081
0.22	623.741
0.238	625.962
0.238	625.9
0.238	626.057
0.22	624.312
0.22	623.936
0.22	624.439
0.22	624.431
0.228262	628.811
0.228599	628.679
0.227822	628.975
0.238	626.243
0.238	626.144
0.227021	629.288
0.226486	629.478
0.238	626.369
0.222003	623.534
0.222044	623.534
0.22	623.924
0.238	626.635
0.211902	631.536
0.212307	631.342
0.21138	631.736
0.238	625.918
0.22	624.081
0.22	624.059
0.229633	628.269
0.229232	628.44
0.227822	628.973
0.228599	628.676
0.228262	628.809
0.238	626.304
0.22	623.638
0.229232	628.437
0.229631	628.263
0.22216	623.536
0.223008	623.513
0.238	625.923
0.238	625.839
0.22	624.316
0.22	624.291
0.22	624.689
0.22	624.566
0.22	624.07
0.22	624.525
0.238	625.83
0.238	625.882
0.238	625.875
0.230206	628.055
0.230691	627.872
0.22	623.636
0.238	625.904
0.238	625.838
0.22	624.177
0.23118	627.69
0.231795	627.471
0.230626	627.891
0.230206	628.049
0.22	624.467
0.22	623.93
0.22	624.321
0.22	624.796
0.22	623.643
0.238	625.887
0.23118	627.703
0.231606	627.555
0.233129	627.046
0.233496	626.929
0.232628	627.195
0.234103	626.749
0.234501	626.623
0.22	623.922
0.235571	626.331
0.235078	626.466
0.238	625.904
0.238	625.845
0.22	623.964
0.22	623.942
0.22	624.36
0.236052	626.202
0.233616	626.887
0.233129	627.035
0.232642	627.187
0.22	623.646
0.22	623.911
0.22	623.918
0.22	623.867
0.232155	627.346
0.22	623.968
0.234591	626.594
0.234103	626.735
0.22	623.959
0.22	624.796
0.22	624.101
0.22	624.663
0.235078	626.458
0.235565	626.323
0.22	624.322
0.22	623.633
0.22	623.856
0.22	623.89
0.236675	626.053
0.236052	626.198
0.237176	625.937
0.237133	625.949
0.22	623.891
0.219132	627.651
0.219134	627.638
0.237134	625.949
0.219131	627.65
0.219134	627.655
0.237129	625.949
0.219132	627.65
0.237134	625.948
0.22	623.906
0.225	629.578
0.219131	627.656
0.237133	625.945
0.237178	625.933
0.225	625.856
0.225	623.535
0.225	623.531
0.225	623.46
0.225	624.904
0.200513	634.919
0.225	627.881
0.200513	634.891
0.200513	634.917
0.225	629.139
0.225	628.958
0.225	623.498
0.225	629.314
0.200526	634.912
0.225	628.465
0.225	628.669
0.225	628.174
0.225	627.883
0.200477	634.914
0.200514	634.919
0.200473	634.899
0.200516	634.92
0.225	623.527
0.225	623.531
0.225	623.545
0.225	623.542
0.225	623.419
0.200473	634.878
0.200518	634.858
0.225	623.522
0.200515	634.908
0.225	627.265
0.225	627.641
0.200513	634.871
0.20054	634.805
0.225	623.501
0.200473	634.865
0.200543	634.88
0.200473	634.857
0.225	625.415
0.225	625.119
0.225	623.411
0.200519	634.904
0.200839	634.885
0.200794	634.889
0.200513	634.916
0.200518	634.854
0.225	626.124
0.200531	634.855
0.200513	634.856
0.20054	634.852
0.200514	634.851
0.22564	629.775
0.200513	634.796
0.225	623.512
0.200539	634.85
0.200476	634.807
0.225	623.397
0.200528	634.852
0.200518	634.866
0.200519	634.864
0.200529	634.877
0.200516	634.856
0.225	623.522
0.200523	634.854
0.225	623.444
0.225	625.755
0.200478	634.801
0.225	623.449
0.225	623.424
0.225	623.451
0.200461	634.86
0.200542	634.849
0.200513	634.808
0.200544	634.854
0.200517	634.855
0.200542	634.805
0.200547	634.851
0.225	625.08
0.225	624.739
0.225	625.323
0.200796	634.784
0.200513	634.81
0.225	623.6
0.200862	634.776
0.200746	634.834
0.20052	634.9
0.200528	634.853
0.225	623.977
0.200517	634.795
0.200547	634.847
0.200529	634.848
0.200481	634.836
0.225	625.593
0.200516	634.853
0.200514	634.829
0.200522	634.805
0.200716	634.787
0.200517	634.797
0.200525	634.845
0.20054	634.843
0.200796	634.786
0.200513	634.812
0.200513	634.811
0.200519	634.812
0.225	623.808
0.225	623.685
0.200516	634.82
0.200475	634.843
0.200516	634.831
0.225	623.493
0.200533	634.808
0.20052	634.798
0.200813	634.875
0.200518	634.842
0.200519	634.802
0.200528	634.834
0.200518	634.8
0.225	623.333
0.225	623.478
0.225	623.495
0.20048	634.808
0.200517	634.836
0.200516	634.856
0.200543	634.824
0.200516	634.838
0.20054	634.848
0.200533	634.823
0.200516	634.852
0.22	623.415
0.225	623.418
0.200849	634.825
0.200741	634.836
0.20086	634.82
0.200845	634.781
0.200802	634.772
0.200541	634.842
0.200817	634.779
0.200516	634.847
0.200706	634.782
0.200829	634.771
0.200516	634.798
0.200786	634.828
0.200834	634.827
0.200516	634.84
0.200516	634.843
0.200514	634.813
0.200855	634.823
0.201176	634.785
0.20081	634.827
0.200796	634.784
0.200847	634.822
0.200846	634.822
0.201237	634.776
0.200515	634.841
0.200804	634.817
0.22	625.405
0.20118	634.784
0.22	625.222
0.22	624.886
0.200871	634.82
0.200833	634.783
0.201325	634.762
0.200883	634.82
0.201175	634.785
0.200852	634.823
0.200877	634.821
0.201272	634.771
0.2011	634.743
0.201237	634.779
0.200814	634.828
0.22	624.938
0.20121	634.811
0.201774	634.722
0.201635	634.74
0.201691	634.71
0.201273	634.747
0.200869	634.797
0.200825	634.805
0.201587	634.677
0.201241	634.726
0.200858	634.812
0.201564	634.728
0.201271	634.722
0.20086	634.769
0.200866	634.77
0.201128	634.79
0.200857	634.811
0.202102	634.64
0.201598	634.725
0.201721	634.708
0.201217	634.738
0.200828	634.783
0.20222	634.62
0.201257	634.747
0.201651	634.671
0.202238	634.571
0.201162	634.748
0.201459	634.783
0.201611	634.764
0.202067	634.68
0.20218	634.664
0.202447	634.61
0.20296	634.505
0.201834	634.635
0.203025	634.491
0.202289	634.641
0.22	624.886
0.200875	634.803
0.201223	634.76
0.200815	634.808
0.22	625.426
0.201858	634.708
0.202411	634.605
0.202602	634.571
0.203203	634.437
0.202856	634.513
0.201753	634.694
0.201692	634.703
0.202198	634.618
0.202285	634.6
0.202334	634.594
0.202178	634.579
0.202927	634.429
0.202851	634.452
0.201216	634.769
0.201219	634.77
0.201755	634.684
0.22	625.319
0.204606	634.081
0.203024	634.412
0.202253	634.562
0.202452	634.523
0.203015	634.41
0.203574	634.285
0.201742	634.685
0.202916	634.434
0.225633	629.775
0.202236	634.595
0.202273	634.584
0.201735	634.683
0.202999	634.428
0.202926	634.455
0.203732	634.261
0.205435	633.853
0.205336	633.878
0.204754	634.039
0.204448	634.073
0.202974	634.44
0.205489	633.787
0.205524	633.776
0.204634	634.017
0.207172	633.297
0.206147	633.632
0.20464	634.02
0.203004	634.442
0.203729	634.277
0.203811	634.252
0.205824	633.731
0.206832	633.414
0.205945	633.68
0.207036	633.343
0.217408	628.812
0.218268	628.28
0.217402	628.811
0.217409	628.805
0.216579	629.282
0.21742	628.803
0.225	629.502
0.216625	629.267
0.21403	630.578
0.214851	630.18
0.214881	630.168
0.200479	634.851
0.21486	630.177
0.215735	629.746
0.214911	630.162
0.214027	630.577
0.200514	634.84
0.212316	631.343
0.213152	630.971
0.212298	631.349
0.216539	629.302
0.211518	631.69
0.200473	634.826
0.200523	634.835
0.200473	634.818
0.200528	634.816
0.200529	634.798
0.215659	629.768
0.200517	634.841
0.200515	634.802
0.215695	629.75
0.200516	634.797
0.203685	634.294
0.204548	634.073
0.203754	634.277
0.203619	634.315
0.204481	634.094
0.200796	634.813
0.204553	634.066
0.203747	634.277
0.204613	634.054
0.200866	634.813
0.20083	634.779
0.200774	634.8
0.200448	634.802
0.200519	634.8
0.215735	629.733
0.214849	630.171
0.214815	630.184
0.214066	630.553
0.200744	634.795
0.202806	634.501
0.202229	634.617
0.202836	634.493
0.200552	634.851
0.200807	634.815
0.205343	633.85
0.20542	633.827
0.205444	633.82
0.204455	634.08
0.203659	634.27
0.203738	634.259
0.205352	633.848
0.200809	634.811
0.214006	630.561
0.214199	630.485
0.205604	633.752
0.206007	633.643
0.206673	633.429
0.205261	633.875
0.20604	633.648
0.205272	633.872
0.207092	633.321
0.206257	633.58
0.206156	633.612
0.202929	634.468
0.202915	634.476
0.207075	633.313
0.2038	634.267
0.212424	631.282
0.200808	634.82
0.200816	634.817
0.212416	631.292
0.211554	631.648
0.200514	634.852
0.211575	631.625
0.210588	632.045
0.210863	631.899
0.212325	631.343
0.212344	631.336
0.211484	631.697
0.203607	634.311
0.202908	634.465
0.202757	634.501
0.200515	634.852
0.210577	632.041
0.211481	631.684
0.210663	632.012
0.202965	634.463
0.238	626.39
0.238	626.414
0.238	626.273
0.213178	630.966
0.209816	632.34
0.218264	628.277
0.205028	633.921
0.20451	634.072
0.205351	633.842
0.205429	633.818
0.204627	634.044
0.205326	633.849
0.204335	634.111
0.218264	628.272
0.21827	628.277
0.206317	633.537
0.205285	633.846
0.213165	630.97
0.222502	623.537
0.209751	632.358
0.218264	628.276
0.218264	628.277
0.205957	633.676
0.206748	633.44
0.203786	634.266
0.204528	634.07
0.205453	633.785
0.20524	633.854
0.200518	634.851
0.207036	633.33
0.206197	633.594
0.207004	633.332
0.221995	623.538
0.204618	634.055
0.206319	633.532
0.206896	633.362
0.206176	633.591
0.20373	634.298
0.204351	634.133
0.203521	634.344
0.205433	633.815
0.206374	633.527
0.206194	633.586
0.208123	632.94
0.206326	633.528
0.218302	628.26
0.204549	634.082
0.207891	633.045
0.207842	633.051
0.218266	628.276
0.200868	634.822
0.218266	628.277
0.238	626.097
0.207004	633.322
0.205443	633.825
0.238	626.146
0.222001	623.537
0.206225	633.583
0.221862	623.533
0.221861	623.532
0.200798	634.83
0.222726	623.528
0.206492	633.476
0.221898	623.532
0.222749	623.526
0.204797	634.019
0.205639	633.775
0.204658	634.053
0.222967	623.514
0.22293	623.516
0.238	626.12
0.238	625.972
0.238	626.626
0.205418	633.837
0.22243	623.539
0.238	626.056
0.206332	633.561
0.238	626.663
0.238	626.674
0.222888	623.518
0.222494	623.536
0.222689	623.528
0.221964	623.539
0.222963	623.52
0.222484	623.538
0.238	626.344
0.238	626.184
0.223438	623.481
0.222631	623.532
0.222523	623.538
0.222918	623.52
0.206061	633.638
0.223015	623.516
0.217398	628.82
0.221772	623.53
0.215691	629.76
0.216554	629.297
0.216565	629.299
0.238	626.129
0.238	626.027
0.218262	628.279
0.218265	628.276
0.217397	628.818
0.217398	628.819
0.217397	628.821
0.218262	628.281
0.238	626.162
0.22212	623.537
0.222081	623.535
0.22285	623.52
0.238	626.514
0.238	626.617
0.238	626.523
0.209681	632.418
0.222517	623.536
0.238	626.635
0.238	626.693
0.200876	634.816
0.201273	634.767
0.200868	634.815
0.221794	623.531
0.223501	623.475
0.216538	629.308
0.216532	629.311
0.216536	629.31
0.221626	623.526
0.217402	628.817
0.238	626.689
0.238	626.617
0.215684	629.763
0.217398	628.818
0.201181	634.75
0.200914	634.781
0.207952	633.029
0.208739	632.747
0.208759	632.743
0.209551	632.45
0.200817	634.771
0.217396	628.818
0.216528	629.309
0.216537	629.308
0.200537	634.913
0.215656	629.77
0.215677	629.758
0.238	626.701
0.221918	623.535
0.22161	623.528
0.227889	628.954
0.226304	629.551
0.206909	633.373
0.216534	629.305
0.228717	628.627
0.228742	628.613
0.22958	628.287
0.22	624.061
0.201191	634.742
0.20121	634.782
0.200806	634.8
0.214024	630.587
0.213966	630.599
0.214822	630.192
0.200926	634.785
0.201236	634.725
0.200929	634.76
0.200758	634.778
0.20112	634.746
0.207072	633.317
0.22	623.901
0.206933	633.345
0.200513	634.886
0.200841	634.858
0.214875	630.17
0.215724	629.742
0.214853	630.172
0.201189	634.776
0.200729	634.89
0.227889	628.951
0.207782	633.082
0.207859	633.055
0.200768	634.872
0.230298	628.017
0.208883	632.693
0.208764	632.736
0.201207	634.765
0.201382	634.727
0.22	624.243
0.228717	628.624
0.231265	627.664
0.230279	628.022
0.230529	627.927
0.20158	634.709
0.22	624.467
0.206318	633.573
0.213143	630.98
0.213182	630.97
0.207242	633.27
0.206707	633.451
0.201119	634.743
0.22	624.312
0.22	624.831
0.207849	633.053
0.201178	634.783
0.22958	628.284
0.22	623.845
0.200842	634.839
0.20875	632.744
0.207953	633.029
0.230508	627.94
0.200852	634.769
0.201232	634.726
0.208664	632.764
0.208703	632.756
0.207799	633.061
0.201726	634.667
0.200805	634.857
0.213124	630.986
0.232696	627.171
0.209525	632.452
0.201797	634.683
0.201223	634.772
0.236189	626.171
0.210529	632.068
0.211413	631.719
0.211398	631.728
0.234968	626.484
0.232052	627.385
0.214825	630.189
0.212188	631.392
0.212276	631.364
0.213158	630.982
0.213961	630.608
0.21307	631.01
0.218264	628.28
0.200768	634.841
0.20085	634.835
0.218265	628.279
0.219134	627.653
0.200776	634.893
0.201671	634.705
0.233836	626.822
0.233633	626.877
0.232829	627.139
0.201671	634.665
0.200746	634.854
0.201248	634.725
0.218293	628.263
0.210575	632.067
0.201764	634.67
0.201777	634.666
0.201217	634.767
0.201789	634.676
0.211352	631.746
0.22	623.921
0.209723	632.389
0.214793	630.2
0.214819	630.193
0.215666	629.767
0.215676	629.763
0.201758	634.654
0.201252	634.726
0.200825	634.876
0.215718	629.74
0.236263	626.155
0.201608	634.72
0.201183	634.78
0.233107	627.042
0.216551	629.299
0.215678	629.761
0.216541	629.305
0.214002	630.58
0.215716	629.749
0.21661	629.281
0.201526	634.689
0.214828	630.191
0.201767	634.654
0.214824	630.191
0.202456	634.558
0.218265	628.278
0.218295	628.262
0.218265	628.276
0.200926	634.814
0.235378	626.384
0.235439	626.363
0.236267	626.152
0.235134	626.446
0.22	624.324
0.202354	634.567
0.218285	628.264
0.200797	634.828
0.202228	634.593
0.201163	634.793
0.236232	626.159
0.22	624.596
0.200911	634.859
0.200516	634.898
0.202246	634.599
0.207206	633.26
0.22	624.971
0.22	624.913
0.22	624.607
0.213985	630.589
0.201774	634.647
0.22	623.905
0.22	624.25
0.22	624.807
0.218265	628.281
0.200785	634.828
0.217411	628.808
0.21656	629.297
0.217399	628.817
0.202279	634.563
0.200843	634.887
0.202364	634.549
0.201131	634.838
0.201173	634.786
0.201855	634.664
0.207804	633.053
0.212263	631.355
0.211392	631.72
0.212266	631.354
0.235333	626.389
0.236264	626.152
0.235399	626.375
0.236263	626.153
0.214882	630.159
0.214008	630.569
0.21486	630.168
0.200863	634.827
0.201262	634.778
0.235308	626.4
0.21402	630.574
0.22	624.739
0.217414	628.81
0.201683	634.711
0.20872	632.756
0.22	624.587
0.211392	631.719
0.21742	628.807
0.216595	629.284
0.216599	629.282
0.217415	628.808
0.217429	628.803
0.201741	634.698
0.216534	629.307
0.217427	628.809
0.22	624.615
0.22	624.321
0.214846	630.184
0.214841	630.188
0.217396	628.818
0.217395	628.82
0.217404	628.815
0.214012	630.583
0.22	624.717
0.217405	628.817
0.207544	633.148
0.21655	629.306
0.20174	634.655
0.215693	629.759
0.215693	629.759
0.201702	634.707
0.22	624.898
0.213937	630.608
0.21399	630.593
0.213142	630.983
0.216546	629.305
0.216553	629.302
0.215689	629.759
0.212302	631.349
0.211486	631.68
0.212117	631.415
0.201752	634.698
0.213147	630.966
0.207313	633.218
0.213143	630.972
0.213933	630.613
0.214816	630.194
0.211418	631.706
0.214815	630.198
0.214822	630.194
0.213952	630.609
0.213975	630.6
0.207189	633.255
0.214821	630.195
0.213962	630.602
0.215707	629.752
0.215727	629.741
0.214807	630.196
0.225	627.046
0.225	627.383
0.225	626.89
0.215692	629.76
0.201213	634.836
0.21396	630.607
0.21481	630.2
0.202343	634.576
0.202979	634.44
0.215675	629.765
0.213982	630.6
0.214814	630.196
0.225	626.322
0.225	626.053
0.225	626.617
0.212254	631.351
0.209788	632.367
0.209755	632.371
0.21062	632.04
0.212081	631.429
0.211271	631.779
0.212184	631.401
0.212346	631.324
0.213112	630.979
0.208857	632.697
0.208878	632.707
0.209037	632.633
0.215685	629.759
0.211404	631.71
0.203724	634.265
0.20977	632.372
0.208269	632.91
0.212294	631.352
0.213903	630.625
0.212267	631.361
0.211456	631.703
0.212012	631.462
0.211912	631.486
0.211068	631.85
0.211036	631.861
0.210336	632.142
0.210505	632.071
0.209667	632.412
0.210434	632.11
0.225	626.749
0.225	627.243
0.225	626.72
0.215723	629.745
0.210329	632.141
0.21068	632.031
0.210137	632.22
0.209434	632.486
0.210222	632.188
0.209439	632.483
0.208569	632.796
0.213151	630.975
0.211151	631.823
0.225	624.396
0.225	624.164
0.225	624.598
0.213935	630.605
0.202842	634.481
0.202319	634.582
0.213109	630.984
0.211242	631.785
0.207808	633.062
0.207665	633.094
0.212261	631.354
0.225	625.886
0.215679	629.762
0.213004	631.03
0.21304	631.029
0.213978	630.602
0.202363	634.541
0.208636	632.775
0.211232	631.785
0.209518	632.458
0.20921	632.557
0.208299	632.894
0.208654	632.768
0.208053	632.968
0.208077	632.96
0.207226	633.248
0.201169	634.844
0.225	627.018
0.225	626.865
0.225	627.382
0.210501	632.076
0.209574	632.428
0.209854	632.332
0.202337	634.593
0.225	626.047
0.225	626.581
0.225	626.071
0.210556	632.058
0.225	623.818
0.22	624.973
0.208511	632.818
0.209014	632.637
0.208659	632.771
0.225	623.7
0.225	623.653
0.225	624.046
0.209778	632.356
0.201721	634.752
0.207241	633.244
0.225	626.901
0.225	628.233
0.225	628.591
0.225	628.749
0.209461	632.476
0.210257	632.173
0.209433	632.483
0.202316	634.567
0.208891	632.682
0.207983	633.001
0.201824	634.681
0.202213	634.613
0.210298	632.16
0.211169	631.813
0.203009	634.424
0.202212	634.584
0.212072	631.442
0.201187	634.802
0.200951	634.837
0.210396	632.126
0.212061	631.443
0.225	623.765
0.225	624.137
0.225	624.174
0.201244	634.789
0.201715	634.72
0.201717	634.712
0.212993	631.04
0.212162	631.406
0.225	629.119
0.201257	634.826
0.201797	634.736
0.213035	631.023
0.203047	634.432
0.20383	634.251
0.201703	634.661
0.204641	634.038
0.20321	634.398
0.225	624.302
0.225	623.89
0.225	624.099
0.225	623.779
0.225	624.11
0.225	627.559
0.204605	634.045
0.203777	634.255
0.225	627.077
0.225	626.995
0.225	626.528
0.225	626.546
0.201935	634.624
0.225	624.241
0.225	624.733
0.225	624.275
0.201195	634.83
0.225	626.242
0.225	625.785
0.225	626.169
0.209543	632.45
0.212989	631.04
0.225	625.229
0.225	625.224
0.225	625.711
0.225	625.759
0.225	626.604
0.203026	634.418
0.226343	629.544
0.225	624.475
0.226304	629.554
0.226364	629.536
0.213124	630.997
0.213059	631.012
0.225	629.268
0.225	625.258
0.225	625.662
0.225	625.312
0.225	625.852
0.22633	629.544
0.226311	629.552
0.227061	629.273
0.226311	629.551
0.203798	634.251
0.201757	634.705
0.20231	634.608
0.210404	632.126
0.210301	632.151
0.21122	631.796
0.225	624.785
0.225	623.862
0.225	625.422
0.225	623.815
0.226343	629.54
0.227089	629.263
0.201636	634.765
0.201201	634.814
0.227107	629.258
0.226343	629.537
0.22633	629.538
0.22708	629.268
0.22708	629.266
0.225	624.909
0.202311	634.556
0.227097	629.262
0.227902	628.945
0.203602	634.289
0.225	623.827
0.225	623.809
0.225	628.078
0.204611	634.036
0.227914	628.946
0.227089	629.258
0.2279	628.943
0.227107	629.254
0.225	625.729
0.225	624.914
0.225	625.664
0.225	623.593
0.225	623.613
0.225	623.829
0.202309	634.618
0.227908	628.945
0.227914	628.942
0.227102	629.258
0.228742	628.618
0.227885	628.952
0.227885	628.952
0.20277	634.509
0.228764	628.621
0.228558	628.69
0.202231	634.638
0.225	625.557
0.225	625.883
0.225	625.393
0.225	625.047
0.225	626.804
0.229466	628.345
0.22874	628.627
0.228741	628.626
0.229558	628.301
0.203705	634.257
0.228764	628.618
0.228558	628.688
0.229464	628.344
0.229576	628.297
0.230371	627.987
0.229569	628.298
0.229581	628.291
0.225	623.795
0.225	623.758
0.203811	634.231
0.230333	628.001
0.230374	627.992
0.231103	627.717
0.230353	627.995
0.225	628.263
0.231188	627.684
0.225	625.149
0.225	625.291
0.225	625.557
0.225	625.514
0.225	626.288
0.225	626.578
0.225	626.078
0.225	626.21
0.231128	627.712
0.231382	627.622
0.23038	627.975
0.230353	627.986
0.20266	634.563
0.231144	627.706
0.225	623.736
0.225	626.728
0.225	626.27
0.225	626.333
0.225	624.608
0.225	625.06
0.225	624.973
0.231488	627.584
0.225	625.437
0.225	623.818
0.225	623.824
0.225	624.092
0.225	624.192
0.232703	627.175
0.231953	627.418
0.231962	627.424
0.232702	627.171
0.232807	627.147
0.233545	626.905
0.225	625.796
0.225	625.937
0.2335	626.919
0.232708	627.172
0.232653	627.199
0.225	625.607
0.234366	626.667
0.233482	626.92
0.233517	626.918
0.23419	626.715
0.225	624.06
0.225	623.936
0.204001	634.19
0.204643	634.022
0.205391	633.805
0.203003	634.471
0.203795	634.278
0.203048	634.457
0.225	629.484
0.225	623.667
0.203358	634.404
0.233583	626.896
0.233676	626.871
0.23284	627.139
0.203796	634.279
0.203815	634.294
0.225	625.62
0.206346	633.524
0.204199	634.19
0.225	627.85
0.225	627.405
0.225	627.866
0.2063	633.536
0.206376	633.518
0.226343	629.535
0.226364	629.532
0.225	628.315
0.205571	633.803
0.226335	629.542
0.206534	633.509
0.227097	629.257
0.226335	629.547
0.227102	629.262
0.204907	633.992
0.20492	633.996
0.227089	629.261
0.227089	629.264
0.227902	628.941
0.228758	628.608
0.227908	628.941
0.228742	628.61
0.208116	632.972
0.2279	628.946
0.227908	628.944
0.231298	627.641
0.229588	628.283
0.207476	633.197
0.231422	627.597
0.228758	628.612
0.227908	628.948
0.229588	628.288
0.230374	627.993
0.20773	633.112
0.225	627.856
0.225	628.246
0.225	628.276
0.218268	628.267
0.20781	633.083
0.208447	632.863
0.234403	626.646
0.231953	627.428
0.231918	627.435
0.231948	627.421
0.231165	627.7
0.225	629.111
0.225	628.677
0.225	628.709
0.234481	626.609
0.23452	626.62
0.217402	628.81
0.235179	626.44
0.234493	626.616
0.225	628.199
0.225	628.61
0.234387	626.66
0.225	629.076
0.225	629.093
0.225	628.664
0.225	627.597
0.225	627.875
0.218272	628.266
0.232295	627.301
0.232123	627.357
0.232978	627.08
0.235413	626.364
0.235534	626.335
0.234606	626.596
0.232913	627.105
0.225	627.77
0.225	628.296
0.207246	633.239
0.232113	627.369
0.232067	627.387
0.23255	627.251
0.207253	633.237
0.217406	628.806
0.225	627.413
0.225	626.916
0.225	627.248
0.216547	629.296
0.218268	628.276
0.225	627.89
0.225	627.424
0.216581	629.282
0.225	628.695
0.225	628.381
0.225	628.909
0.218274	628.273
0.225	627.815
0.225	627.753
0.225	628.271
0.225	628.031
0.225	627.59
0.225	627.947
0.215737	629.731
0.225	627.591
0.225	628.617
0.225	628.346
0.218283	628.27
0.21741	628.81
0.208115	632.948
0.209771	632.355
0.209617	632.411
0.200855	634.88
0.208949	632.658
0.208975	632.646
0.213218	630.935
0.213245	630.923
0.212335	631.316
0.211559	631.653
0.217469	628.792
0.225	628.092
0.210657	632.009
0.210656	632.011
0.209808	632.338
0.209797	632.34
0.211489	631.673
0.21399	630.59
0.225	628.752
0.225	629.093
0.225	629.079
0.214101	630.543
0.200844	634.879
0.208904	632.664
0.208983	632.647
0.213188	630.949
0.208938	632.662
0.225	628.707
0.225	629.12
0.225	629.17
0.215712	629.748
0.216584	629.289
0.216572	629.293
0.213215	630.957
0.211472	631.696
0.210626	632.037
0.210701	632.018
0.209874	632.331
0.209291	632.551
0.21003	632.274
0.202343	634.601
0.202337	634.605
0.208836	632.729
0.208923	632.696
0.203002	634.465
0.203842	634.28
0.204068	634.22
0.200834	634.774
0.210603	632.048
0.201234	634.734
0.2008	634.822
0.211436	631.715
0.200816	634.823
0.201723	634.699
0.203049	634.407
0.203075	634.402
0.202256	634.601
0.203765	634.243
0.202997	634.455
0.201709	634.675
0.201491	634.705
0.200859	634.807
0.200874	634.807
0.238	626.676
0.20228	634.606
0.238	626.653
0.238	626.576
0.238	626.453
0.238	626.544
0.202084	634.646
0.201372	634.705
0.201326	634.748
0.203028	634.413
0.202321	634.558
0.238	626.285
0.201154	634.771
0.238	626.419
0.238	626.291
0.238	626.386
0.238	626.217
0.238	626.646
0.238	626.494
0.238	626.569
0.238	626.436
0.238	626.552
0.238	626.594
0.238	626.519
0.202318	634.585
0.238	626.638
0.238	626.604
0.238	626.278
0.238	626.378
0.201757	634.675
0.204438	634.084
0.238	626.179
0.204584	634.057
0.238	626.485
0.238	626.545
0.238	626.288
0.238	626.169
0.238	626.341
0.225	624.031
0.236273	626.148
0.225	624.397
0.225	624.772
0.225	623.864
0.225	624.482
0.225	624.468
0.236266	626.15
0.238	626.278
0.225	627.189
0.225	626.772
0.225	623.858
0.225	627.16
0.225	627.123
0.236264	626.155
0.238	626.421
0.225	623.832
0.225	623.712
0.225	624.184
0.225	624.469
0.225	624.838
0.225	624.512
0.225	624.74
0.225	624.264
0.234003	626.777
0.225	626.667
0.225	625.853
0.225	624.69
0.225	623.858
0.225	625.103
0.225	625.132
0.225	625.514
0.225	624.475
0.225	624.865
0.225	625.456
0.225	624.91
0.225	624.028
0.225	624.203
0.225	624.7
0.225	624.01
0.225	623.93
0.236278	626.151
0.225	626.499
0.225	627.172
0.225	623.924
0.225	623.852
0.225	625.481
0.225	624.21
0.225	627.603
0.20806	632.971
0.232155	627.355
0.225	624.131
0.225	625.88
0.225	624.494
0.225	625.495
0.225	626.015
0.234646	626.578
0.225	626.701
0.235505	626.347
0.225	624.701
0.225	623.946
0.225	623.88
0.225	627.407
0.225	624.27
0.225	625.241
0.225	626.247
0.225	626.638
0.225	627.167
0.225	625.994
0.225	623.757
0.225	624.648
0.225	625.477
0.225	627.218
0.225	627.684
0.225	627.796
0.225	623.821
0.225	625.307
0.225	624.969
0.225	624.526
0.225	624.935
0.225	625.077
0.225	624.889
0.225	629.125
0.225	627.796
0.225	625.465
0.225	625.827
0.225	626.191
0.225	625.379
0.225	625.812
0.225	625.717
0.225	624.621
0.225	624.574
0.225	628.729
0.225	625.516
0.225	626.01
0.225	626.088
0.225	624.993
0.225	627.131
0.225	626.53
0.225	625.464
0.225	627.204
0.225	625.005
0.225	629.352
0.205186	633.892
0.225	625.205
0.225	629.094
0.225	629.209
0.225	624.227
0.23366	626.875
0.207073	633.307
0.225	624.557
0.225	626.416
0.225	626.224
0.225	627.631
0.225	624.132
0.225	624.975
0.225	624.974
0.227339	629.149
0.225	628.219
0.225	624.452
0.225	624.175
0.225	625.011
0.225	624.232
0.209479	632.469
0.207856	633.049
0.225	628.698
0.204816	634.017
0.225	627.117
0.22	625.141
0.222	623.536
0.212914	631.094
0.238	625.836
0.237026	625.953
0.225	623.331
0.22	623.395
0.225	623.778
0.238	625.831
0.238	625.832
0.22	626.274
0.22	626.285
0.22	623.396
0.225	623.326
0.222	623.538
0.223999	623.423
0.22	623.399
0.22	623.379
0.211878	631.49
0.213909	630.635
0.209848	632.302
0.208832	632.684
0.225	625.624
0.225	623.329
0.225	623.321
)
