(title "Wall Temperature")
(labels "Position" "Wall Temperature")

((xy/key/label "reducer_solid")
0.238	649.504
0.238	649.337
0.238	649.313
0.238	649.305
0.238	649.293
0.238	649.46
0.238	649.305
0.238	649.531
0.238	649.299
0.238	649.295
0.238	649.519
0.238	649.295
0.238	649.507
0.238	649.298
0.238	649.526
0.238	649.298
0.2	665.779
0.200281	665.776
0.2	665.779
0.200278	665.755
0.2	665.758
0.2	665.758
0.200239	665.776
0.2	665.778
0.2	665.778
0.2	665.777
0.200239	665.775
0.200239	665.771
0.2	665.773
0.2	665.773
0.2	665.765
0.2	665.766
0.200248	665.764
0.2	665.765
0.200241	665.763
0.2	665.765
0.2	665.766
0.200241	665.764
0.2	665.766
0.2	665.765
0.200244	665.763
0.2	665.765
0.200242	665.764
0.2	665.766
0.2	665.766
0.2	665.754
0.200242	665.752
0.2	665.754
0.200243	665.753
0.2	665.755
0.2	665.765
0.2	665.765
0.200241	665.763
0.2	665.754
0.200239	665.752
0.2	665.754
0.2	665.756
0.200249	665.754
0.2	665.756
0.20024	665.752
0.2	665.754
0.2	665.763
0.200241	665.761
0.2	665.763
0.2	665.762
0.2	665.762
0.200247	665.76
0.20024	665.76
0.2	665.762
0.2	665.76
0.200241	665.758
0.2	665.759
0.200242	665.758
0.2	665.76
0.200239	665.757
0.2	665.759
0.200239	665.763
0.2	665.765
0.2	665.765
0.238	649.441
0.238	649.306
0.238	649.483
0.238	649.297
0.238	649.299
0.238	649.515
0.238	649.503
0.238	649.295
0.238	649.496
0.238	649.435
0.238	649.299
0.238	649.452
0.238	649.42
0.238	649.495
0.238	649.542
0.2	665.756
0.200239	665.754
0.2	665.757
0.2	665.765
0.20024	665.763
0.2	665.765
0.2	665.756
0.200239	665.754
0.200239	665.763
0.2	665.765
0.200257	665.776
0.200256	665.755
0.2	665.765
0.2	665.765
0.200239	665.763
0.2	665.766
0.2	665.767
0.200241	665.765
0.2	665.764
0.200239	665.762
0.2	665.764
0.20024	665.763
0.2	665.757
0.200239	665.755
0.200239	665.764
0.2	665.761
0.200239	665.76
0.200242	665.763
0.2	665.765
0.2	665.765
0.200245	665.762
0.2	665.764
0.200241	665.763
0.2	665.779
0.200239	665.776
0.2	665.778
0.200239	665.776
0.2	665.766
0.2	665.766
0.20024	665.764
0.2	665.761
0.200239	665.758
0.200241	665.763
0.2	665.766
0.2	665.761
0.200241	665.759
0.2	665.776
0.200241	665.774
0.2	665.776
0.200241	665.763
0.20024	665.764
0.200241	665.764
0.2	665.755
0.20024	665.753
0.200242	665.763
0.2	665.771
0.200241	665.768
0.2	665.77
0.200239	665.775
0.2	665.777
0.200239	665.774
0.2	665.768
0.200242	665.765
0.200244	665.761
0.2	665.763
0.2	665.763
0.2	665.763
0.20024	665.761
0.200241	665.753
0.200239	665.753
0.2	665.755
0.200239	665.77
0.2	665.772
0.200239	665.763
0.2	665.765
0.2	665.766
0.20024	665.764
0.2	665.755
0.200239	665.754
0.2	665.762
0.200242	665.76
0.20024	665.768
0.2	665.769
0.200245	665.763
0.2	665.764
0.20024	665.769
0.200247	665.764
0.200243	665.773
0.2	665.775
0.200241	665.761
0.2	665.763
0.2	665.754
0.200239	665.752
0.2	665.754
0.200239	665.755
0.2	665.757
0.20024	665.759
0.200239	665.755
0.2	665.757
0.20024	665.761
0.2	665.763
0.2	665.763
0.200239	665.761
0.200245	665.763
0.200239	665.762
0.2	665.764
0.20024	665.752
0.2	665.754
0.2	665.754
0.200239	665.762
0.200242	665.753
0.2	665.755
0.200241	665.762
0.20024	665.761
0.200239	665.776
0.2	665.779
0.20024	665.776
0.2	665.779
0.200239	665.752
0.200241	665.761
0.2	665.768
0.200239	665.767
0.200241	665.753
0.2	665.755
0.200239	665.754
0.20024	665.766
0.2	665.758
0.20024	665.755
0.2	665.774
0.200239	665.772
0.200239	665.763
0.200239	665.764
0.200242	665.772
0.2	665.758
0.200239	665.755
0.2	665.757
0.200239	665.752
0.200241	665.756
0.2	665.758
0.200245	665.755
0.200242	665.757
0.200241	665.752
0.225	661.738
0.225	660.196
0.225	660.197
0.225	660.209
0.225	661.665
0.225	660.189
0.225	660.191
0.225	661.801
0.225	660.196
0.225719	658.531
0.225	660.12
0.225	660.411
0.225638	658.596
0.22	663.832
0.22	663.829
0.22	663.813
0.22	663.804
0.22	663.805
0.238	650.419
0.238	650.517
0.238	650.617
0.216562	664.333
0.215951	664.403
0.216964	664.28
0.22	663.801
0.22	663.802
0.225	660.242
0.225	660.327
0.225719	658.536
0.225638	658.604
0.225	661.503
0.238	649.695
0.213926	664.652
0.214939	664.518
0.214883	664.537
0.238	649.945
0.238	650.067
0.238	650.199
0.238	649.94
0.238	650.199
0.238	650.059
0.238	649.698
0.227339	656.173
0.227021	656.609
0.226486	657.269
0.22	663.803
0.22	663.813
0.22	663.805
0.208865	665.214
0.208647	665.24
0.207852	665.313
0.238	650.785
0.238	650.743
0.238	650.711
0.225	661.933
0.225	661.637
0.21047	665.051
0.209877	665.114
0.210889	665.004
0.225	662.617
0.225	662.821
0.225	662.377
0.209423	665.165
0.225	661.76
0.225	663.127
0.225	662.982
0.20525	665.517
0.205787	665.478
0.204772	665.556
0.203771	665.623
0.203927	665.608
0.214924	664.532
0.215637	664.446
0.215939	664.404
0.202883	665.681
0.203813	665.621
0.203676	665.637
0.202855	665.671
0.202976	665.662
0.202224	665.714
0.202123	665.721
0.225	663.582
0.225	663.594
0.225	663.665
0.201632	665.739
0.201519	665.745
0.225	663.491
0.225	663.342
0.225	663.432
0.236681	650.869
0.237026	650.825
0.207296	665.357
0.207817	665.31
0.206802	665.399
0.20238	665.691
0.202088	665.703
0.2215	663.798
0.22	663.8
0.221001	663.799
0.225	663.596
0.225	663.55
0.218988	664.039
0.22	663.907
0.219134	664.027
0.224318	663.792
0.225	663.791
0.225	663.791
0.225	663.79
0.225	663.779
0.225	663.771
0.225	663.781
0.225	663.645
0.225	663.671
0.238	650.785
0.238	650.782
0.237131	650.822
0.238	650.734
0.238	650.782
0.238	650.702
0.237134	650.822
0.225	663.791
0.225	663.791
0.225	663.79
0.224278	663.792
0.201741	665.717
0.201476	665.727
0.22	663.801
0.22	663.8
0.22	663.8
0.220971	663.799
0.201024	665.76
0.201159	665.756
0.22	663.8
0.22	663.799
0.22	663.8
0.225	663.791
0.225	663.791
0.225	663.79
0.223826	663.792
0.225	663.791
0.22385	663.792
0.225	663.79
0.22	663.8
0.220957	663.799
0.22	663.801
0.225	663.79
0.225	663.791
0.225	663.79
0.22	663.906
0.22	663.907
0.219133	664.026
0.22	663.912
0.22	663.831
0.22	663.91
0.22	663.8
0.22	663.801
0.22086	663.799
0.225	663.791
0.225	663.79
0.225	663.791
0.224409	663.792
0.22	663.8
0.22	663.801
0.220991	663.799
0.225	663.776
0.225	663.781
0.225	663.77
0.223907	663.792
0.225	663.791
0.225	663.79
0.22	663.801
0.200609	665.75
0.200497	665.752
0.22	663.8
0.22	663.8
0.22	663.801
0.220957	663.799
0.220626	663.8
0.22	663.8
0.22	663.802
0.225	663.791
0.223999	663.792
0.22	663.8
0.220941	663.799
0.22	663.801
0.22	663.911
0.22	663.837
0.219134	664.026
0.22	663.91
0.22	663.909
0.200793	665.766
0.200618	665.77
0.219097	664.03
0.22	663.907
0.218985	664.04
0.238	650.728
0.238	650.784
0.238	650.783
0.237131	650.821
0.221001	663.799
0.200502	665.772
0.22	663.83
0.22	663.912
0.22	663.911
0.220957	663.799
0.22	663.8
0.22	663.8
0.22	663.801
0.22	663.799
0.22	663.801
0.220973	663.799
0.22	663.911
0.22	663.912
0.22	663.828
0.224045	663.792
0.225	663.791
0.225	663.79
0.225	663.79
0.225	663.791
0.223876	663.792
0.225	663.79
0.220696	663.799
0.22	663.8
0.22	663.799
0.22	663.801
0.221045	663.798
0.22	663.906
0.22	663.906
0.22	663.838
0.22	663.801
0.22	663.799
0.221079	663.798
0.22	663.799
0.22	663.801
0.221119	663.798
0.22	663.909
0.225	663.791
0.225	663.79
0.223921	663.792
0.22	663.908
0.22	663.842
0.22	663.908
0.225	660.276
0.225656	658.571
0.225	660.217
0.22562	658.614
0.225636	658.623
0.225	660.198
0.225633	658.604
0.225	660.188
0.225	660.185
0.225	660.183
0.225	660.201
0.225	661.723
0.225	660.222
0.225656	658.58
0.219133	664.026
0.219134	664.026
0.225666	658.56
0.225	661.629
0.225	661.783
0.225	661.767
0.22562	658.608
0.225622	658.633
0.22564	658.604
0.225666	658.557
0.225636	658.617
0.22	663.912
0.219133	664.026
0.22	663.903
0.219133	664.025
0.219134	664.025
0.219131	664.025
0.22	663.91
0.22	663.906
0.21913	664.025
0.22	663.91
0.219133	664.025
0.22	663.908
0.22	663.908
0.219133	664.025
0.219134	664.026
0.22	663.906
0.219131	664.025
0.21913	664.026
0.22	663.911
0.205828	665.478
0.20684	665.403
0.206834	665.406
0.225	663.791
0.225	663.791
0.225	663.79
0.224005	663.792
0.220859	663.799
0.22	663.8
0.22	663.802
0.2225	663.796
0.223	663.794
0.2235	663.793
0.22	663.836
0.225	663.791
0.224429	663.792
0.224128	663.792
0.22	663.836
0.224019	663.792
0.22	663.841
0.224033	663.792
0.223934	663.792
0.224283	663.792
0.221019	663.799
0.220658	663.8
0.22	663.8
0.22059	663.8
0.22	663.828
0.22	663.839
0.22	663.8
0.220851	663.799
0.225	663.791
0.22	663.826
0.220869	663.799
0.22	663.8
0.220896	663.799
0.221006	663.799
0.22	663.8
0.220625	663.8
0.224298	663.792
0.220605	663.8
0.22	663.8
0.223935	663.792
0.225	663.791
0.224391	663.792
0.22	663.828
0.225	661.74
0.224129	663.792
0.225	663.791
0.22424	663.792
0.225	663.791
0.224232	663.792
0.224004	663.792
0.225	663.791
0.224375	663.792
0.22	663.8
0.220875	663.799
0.223357	663.793
0.223	663.794
0.222534	663.795
0.224151	663.792
0.225	663.791
0.224131	663.792
0.225	661.777
0.224179	663.792
0.225	663.791
0.220985	663.799
0.225	663.791
0.225	661.462
0.221595	663.797
0.22	663.814
0.225	663.791
0.224189	663.792
0.220802	663.799
0.22	663.831
0.22	663.8
0.220779	663.799
0.220765	663.799
0.22426	663.791
0.225	663.791
0.223691	663.792
0.22	663.829
0.224302	663.791
0.22	663.839
0.225	663.791
0.224293	663.791
0.22	663.827
0.220979	663.799
0.225	663.791
0.22429	663.791
0.22	663.839
0.224353	663.791
0.225	663.791
0.22	663.834
0.22	663.827
0.22	663.8
0.220978	663.799
0.223707	663.792
0.224363	663.791
0.22101	663.799
0.22	663.799
0.22	663.84
0.22	663.814
0.22	663.8
0.219133	664.026
0.220995	663.799
0.225	661.784
0.221033	663.799
0.22	663.799
0.22	663.801
0.22	663.801
0.22	663.799
0.221022	663.799
0.22	663.8
0.22	663.801
0.22	663.801
0.22	663.801
0.238	650.734
0.238	650.784
0.237129	650.822
0.22	663.801
0.22	663.8
0.22	663.801
0.22	663.8
0.22	663.8
0.22	663.801
0.22	663.8
0.221157	663.798
0.223965	663.792
0.22	663.839
0.22	663.8
0.22	663.8
0.22	663.801
0.22	663.801
0.22	663.8
0.22	663.8
0.22	663.8
0.22	663.801
0.22	663.8
0.22	663.831
0.219133	664.023
0.202814	665.685
0.200785	665.747
0.201176	665.737
0.201001	665.741
0.218274	664.132
0.204476	665.585
0.217436	664.226
0.217976	664.167
0.218197	664.137
0.20792	665.305
0.217415	664.227
0.21797	664.168
0.206311	665.439
0.219134	664.024
0.223019	663.794
0.223515	663.793
0.223523	663.793
0.221515	663.798
0.222007	663.797
0.222515	663.796
0.215685	664.443
0.222504	663.796
0.223004	663.794
0.223508	663.793
0.222019	663.797
0.22301	663.794
0.223503	663.793
0.223	663.794
0.21399	664.648
0.221523	663.798
0.224416	663.792
0.221945	663.797
0.22343	663.793
0.213243	664.737
0.22148	663.798
0.221501	663.798
0.223626	663.793
0.22277	663.795
0.22342	663.793
0.223487	663.793
0.222623	663.795
0.222601	663.795
0.223407	663.793
0.223337	663.793
0.221844	663.797
0.222661	663.795
0.2215	663.798
0.221766	663.797
0.223015	663.794
0.216955	664.281
0.216519	664.337
0.221837	663.797
0.223392	663.793
0.222517	663.795
0.221693	663.797
0.222467	663.795
0.223271	663.793
0.223305	663.793
0.221616	663.798
0.22164	663.797
0.221824	663.797
0.222639	663.795
0.222682	663.795
0.214887	664.537
0.223529	663.793
0.238	650.314
0.221818	663.797
0.213321	664.726
0.212894	664.777
0.212489	664.826
0.225	661.505
0.223518	663.793
0.223576	663.793
0.22	663.81
0.22	663.81
0.22	663.804
0.22	663.809
0.22	663.81
0.22	663.804
0.223612	663.792
0.226198	657.696
0.238	649.769
0.222754	663.794
0.221927	663.797
0.22281	663.794
0.22213	663.796
0.221963	663.797
0.226198	657.698
0.208227	665.273
0.22	663.802
0.22	663.806
0.22	663.802
0.238	650.733
0.238	650.759
0.238	650.674
0.22	663.81
0.22	663.804
0.22	663.812
0.22	663.812
0.228262	655.241
0.228599	654.914
0.227822	655.672
0.238	650.495
0.238	650.603
0.227021	656.612
0.226486	657.272
0.238	650.318
0.222003	663.796
0.222044	663.796
0.22	663.804
0.238	649.775
0.211902	664.898
0.212307	664.845
0.21138	664.952
0.238	650.755
0.22	663.806
0.22	663.806
0.229633	653.99
0.229232	654.359
0.227822	655.673
0.228599	654.916
0.228262	655.242
0.238	650.416
0.22	663.801
0.229232	654.359
0.229631	653.985
0.22216	663.796
0.223008	663.794
0.238	650.751
0.238	650.784
0.22	663.809
0.22	663.809
0.22	663.817
0.22	663.814
0.22	663.806
0.22	663.813
0.238	650.786
0.238	650.768
0.238	650.771
0.230206	653.548
0.230691	653.197
0.22	663.801
0.238	650.759
0.238	650.784
0.22	663.807
0.23118	652.866
0.231795	652.496
0.230626	653.241
0.230206	653.547
0.22	663.812
0.22	663.804
0.22	663.81
0.22	663.82
0.22	663.802
0.238	650.766
0.23118	652.899
0.231606	652.643
0.233129	651.854
0.233496	651.695
0.232628	652.065
0.234103	651.471
0.234501	651.33
0.22	663.804
0.235571	651.051
0.235078	651.17
0.238	650.758
0.238	650.787
0.22	663.804
0.22	663.804
0.22	663.81
0.236052	650.953
0.233616	651.646
0.233129	651.842
0.232642	652.059
0.22	663.801
0.22	663.804
0.22	663.804
0.22	663.803
0.232155	652.294
0.22	663.804
0.234591	651.303
0.234103	651.461
0.22	663.804
0.22	663.82
0.22	663.806
0.22	663.817
0.235078	651.166
0.235565	651.048
0.22	663.81
0.22	663.801
0.22	663.803
0.22	663.804
0.236675	650.868
0.236052	650.953
0.237176	650.816
0.237133	650.822
0.22	663.803
0.219132	664.026
0.219134	664.025
0.237134	650.82
0.219131	664.026
0.219134	664.026
0.237129	650.821
0.219132	664.025
0.237134	650.822
0.22	663.803
0.225	661.631
0.219131	664.026
0.237133	650.821
0.237178	650.816
0.225	663.699
0.225	663.79
0.225	663.79
0.225	663.791
0.225	663.759
0.200513	665.772
0.225	663.257
0.200513	665.767
0.200513	665.771
0.225	662.347
0.225	662.551
0.225	663.79
0.225	662.119
0.200526	665.771
0.225	662.952
0.225	662.807
0.225	663.12
0.225	663.254
0.200477	665.771
0.200514	665.772
0.200473	665.768
0.200516	665.772
0.225	663.79
0.225	663.79
0.225	663.79
0.225	663.79
0.225	663.791
0.200473	665.764
0.200518	665.76
0.225	663.79
0.200515	665.77
0.225	663.463
0.225	663.348
0.200513	665.763
0.20054	665.75
0.225	663.79
0.200473	665.762
0.200543	665.764
0.200473	665.76
0.225	663.733
0.225	663.75
0.225	663.791
0.200519	665.769
0.200839	665.765
0.200794	665.765
0.200513	665.771
0.200518	665.76
0.225	663.668
0.200531	665.76
0.200513	665.76
0.20054	665.759
0.200514	665.759
0.22564	658.605
0.200513	665.748
0.225	663.79
0.200539	665.759
0.200476	665.751
0.225	663.791
0.200528	665.759
0.200518	665.762
0.200519	665.761
0.200529	665.764
0.200516	665.76
0.225	663.79
0.200523	665.76
0.225	663.79
0.225	663.707
0.200478	665.749
0.225	663.79
0.225	663.79
0.225	663.79
0.200461	665.761
0.200542	665.759
0.200513	665.751
0.200544	665.759
0.200517	665.76
0.200542	665.75
0.200547	665.759
0.225	663.751
0.225	663.765
0.225	663.738
0.200796	665.746
0.200513	665.751
0.225	663.789
0.200862	665.744
0.200746	665.755
0.20052	665.768
0.200528	665.759
0.225	663.784
0.200517	665.748
0.200547	665.758
0.200529	665.758
0.200481	665.756
0.225	663.719
0.200516	665.759
0.200514	665.755
0.200522	665.75
0.200716	665.746
0.200517	665.749
0.200525	665.758
0.20054	665.757
0.200796	665.746
0.200513	665.751
0.200513	665.751
0.200519	665.751
0.225	663.787
0.225	663.788
0.200516	665.753
0.200475	665.757
0.200516	665.755
0.225	663.79
0.200533	665.751
0.20052	665.749
0.200813	665.763
0.200518	665.757
0.200519	665.75
0.200528	665.756
0.200518	665.749
0.225	663.791
0.225	663.79
0.225	663.79
0.20048	665.751
0.200517	665.756
0.200516	665.76
0.200543	665.754
0.200516	665.757
0.20054	665.758
0.200533	665.754
0.200516	665.759
0.22	663.8
0.225	663.791
0.200849	665.753
0.200741	665.756
0.20086	665.752
0.200845	665.745
0.200802	665.743
0.200541	665.757
0.200817	665.744
0.200516	665.758
0.200706	665.745
0.200829	665.743
0.200516	665.749
0.200786	665.754
0.200834	665.754
0.200516	665.757
0.200516	665.757
0.200514	665.752
0.200855	665.753
0.201176	665.745
0.20081	665.754
0.200796	665.746
0.200847	665.753
0.200846	665.753
0.201237	665.742
0.200515	665.757
0.200804	665.752
0.22	663.84
0.20118	665.744
0.22	663.831
0.22	663.822
0.200871	665.752
0.200833	665.745
0.201325	665.739
0.200883	665.752
0.201175	665.744
0.200852	665.753
0.200877	665.752
0.201272	665.741
0.2011	665.737
0.201237	665.743
0.200814	665.754
0.22	663.823
0.20121	665.749
0.201774	665.729
0.201635	665.733
0.201691	665.727
0.201273	665.737
0.200869	665.748
0.200825	665.75
0.201587	665.722
0.201241	665.733
0.200858	665.751
0.201564	665.732
0.201271	665.732
0.20086	665.743
0.200866	665.743
0.201128	665.746
0.200857	665.75
0.202102	665.711
0.201598	665.731
0.201721	665.727
0.201217	665.735
0.200828	665.745
0.20222	665.707
0.201257	665.737
0.201651	665.72
0.202238	665.697
0.201162	665.737
0.201459	665.743
0.201611	665.738
0.202067	665.719
0.20218	665.715
0.202447	665.703
0.20296	665.678
0.201834	665.712
0.203025	665.675
0.202289	665.71
0.22	663.823
0.200875	665.749
0.201223	665.739
0.200815	665.75
0.22	663.84
0.201858	665.726
0.202411	665.702
0.202602	665.694
0.203203	665.662
0.202856	665.681
0.201753	665.724
0.201692	665.726
0.202198	665.706
0.202285	665.702
0.202334	665.701
0.202178	665.699
0.202927	665.664
0.202851	665.669
0.201216	665.741
0.201219	665.741
0.201755	665.722
0.22	663.836
0.204606	665.575
0.203024	665.66
0.202253	665.695
0.202452	665.686
0.203015	665.659
0.203574	665.629
0.201742	665.722
0.202916	665.665
0.225633	658.614
0.202236	665.702
0.202273	665.699
0.201735	665.722
0.202999	665.663
0.202926	665.669
0.203732	665.622
0.205435	665.517
0.205336	665.524
0.204754	665.565
0.204448	665.576
0.202974	665.665
0.205489	665.504
0.205524	665.501
0.204634	665.562
0.207172	665.373
0.206147	665.461
0.20464	665.563
0.203004	665.665
0.203729	665.625
0.203811	665.619
0.205824	665.487
0.206832	665.404
0.205945	665.474
0.207036	665.386
0.217408	664.228
0.218268	664.126
0.217402	664.228
0.217409	664.227
0.216579	664.328
0.21742	664.226
0.225	661.781
0.216625	664.325
0.21403	664.643
0.214851	664.542
0.214881	664.538
0.200479	665.759
0.21486	664.541
0.215735	664.435
0.214911	664.537
0.214027	664.643
0.200514	665.757
0.212316	664.846
0.213152	664.746
0.212298	664.847
0.216539	664.333
0.211518	664.939
0.200473	665.754
0.200523	665.756
0.200473	665.753
0.200528	665.752
0.200529	665.749
0.215659	664.441
0.200517	665.757
0.200515	665.75
0.215695	664.437
0.200516	665.749
0.203685	665.629
0.204548	665.574
0.203754	665.625
0.203619	665.634
0.204481	665.579
0.200796	665.751
0.204553	665.573
0.203747	665.625
0.204613	665.57
0.200866	665.751
0.20083	665.745
0.200774	665.749
0.200448	665.75
0.200519	665.749
0.215735	664.433
0.214849	664.54
0.214815	664.543
0.214066	664.637
0.200744	665.748
0.202806	665.679
0.202229	665.706
0.202836	665.677
0.200552	665.759
0.200807	665.751
0.205343	665.518
0.20542	665.513
0.205444	665.51
0.204455	665.578
0.203659	665.625
0.203738	665.622
0.205352	665.518
0.200809	665.751
0.214006	664.639
0.214199	664.62
0.205604	665.494
0.206007	665.466
0.206673	665.41
0.205261	665.524
0.20604	665.466
0.205272	665.523
0.207092	665.381
0.206257	665.448
0.206156	665.457
0.202929	665.671
0.202915	665.673
0.207075	665.379
0.2038	665.622
0.212424	664.83
0.200808	665.752
0.200816	665.752
0.212416	664.833
0.211554	664.929
0.200514	665.759
0.211575	664.923
0.210588	665.038
0.210863	664.998
0.212325	664.846
0.212344	664.844
0.211484	664.942
0.203607	665.633
0.202908	665.671
0.202757	665.679
0.200515	665.759
0.210577	665.036
0.211481	664.939
0.210663	665.029
0.202965	665.67
0.238	650.295
0.238	650.255
0.238	650.465
0.213178	664.745
0.209816	665.118
0.218264	664.126
0.205028	665.537
0.20451	665.575
0.205351	665.517
0.205429	665.511
0.204627	665.568
0.205326	665.518
0.204335	665.585
0.218264	664.126
0.21827	664.126
0.206317	665.439
0.205285	665.518
0.213165	664.746
0.222502	663.796
0.209751	665.123
0.218264	664.126
0.218264	664.126
0.205957	665.473
0.206748	665.411
0.203786	665.622
0.204528	665.574
0.205453	665.503
0.20524	665.521
0.200518	665.759
0.207036	665.383
0.206197	665.452
0.207004	665.384
0.221995	663.797
0.204618	665.57
0.206319	665.438
0.206896	665.392
0.206176	665.452
0.20373	665.63
0.204351	665.589
0.203521	665.641
0.205433	665.51
0.206374	665.436
0.206194	665.451
0.208123	665.281
0.206326	665.436
0.218302	664.123
0.204549	665.576
0.207891	665.308
0.207842	665.309
0.218266	664.126
0.200868	665.753
0.218266	664.126
0.238	650.646
0.207004	665.382
0.205443	665.512
0.238	650.606
0.222001	663.797
0.206225	665.449
0.221862	663.797
0.221861	663.797
0.200798	665.754
0.222726	663.795
0.206492	665.423
0.221898	663.797
0.222749	663.794
0.204797	665.56
0.205639	665.498
0.204658	665.569
0.222967	663.794
0.22293	663.794
0.238	650.629
0.238	650.734
0.238	649.827
0.205418	665.514
0.22243	663.796
0.238	650.679
0.206332	665.444
0.238	649.743
0.238	649.712
0.222888	663.794
0.222494	663.795
0.222689	663.795
0.221964	663.797
0.222963	663.794
0.222484	663.796
0.238	650.355
0.238	650.563
0.223438	663.793
0.222631	663.795
0.222523	663.796
0.222918	663.794
0.206061	665.464
0.223015	663.794
0.217398	664.23
0.221772	663.797
0.215691	664.439
0.216554	664.332
0.216565	664.332
0.238	650.62
0.238	650.699
0.218262	664.127
0.218265	664.126
0.217397	664.229
0.217398	664.229
0.217397	664.23
0.218262	664.126
0.238	650.587
0.22212	663.796
0.222081	663.796
0.22285	663.794
0.238	650.064
0.238	649.838
0.238	650.04
0.209681	665.137
0.222517	663.795
0.238	649.785
0.238	649.666
0.200876	665.751
0.201273	665.741
0.200868	665.751
0.221794	663.797
0.223501	663.793
0.216538	664.334
0.216532	664.335
0.216536	664.334
0.221626	663.798
0.217402	664.229
0.238	649.671
0.238	649.822
0.215684	664.44
0.217398	664.229
0.201181	665.738
0.200914	665.745
0.207952	665.303
0.208739	665.227
0.208759	665.226
0.209551	665.147
0.200817	665.743
0.217396	664.229
0.216528	664.334
0.216537	664.334
0.200537	665.771
0.215656	664.441
0.215677	664.439
0.238	649.61
0.221918	663.797
0.22161	663.798
0.227889	655.614
0.226304	657.566
0.206909	665.394
0.216534	664.333
0.228717	654.788
0.228742	654.755
0.22958	654.027
0.22	663.805
0.201191	665.736
0.20121	665.744
0.200806	665.749
0.214024	664.645
0.213966	664.648
0.214822	664.545
0.200926	665.745
0.201236	665.733
0.200929	665.741
0.200758	665.745
0.20112	665.737
0.207072	665.38
0.22	663.803
0.206933	665.388
0.200513	665.766
0.200841	665.76
0.214875	664.539
0.215724	664.434
0.214853	664.54
0.201189	665.743
0.200729	665.766
0.227889	655.617
0.207782	665.317
0.207859	665.31
0.200768	665.762
0.230298	653.473
0.208883	665.212
0.208764	665.224
0.201207	665.741
0.201382	665.732
0.22	663.808
0.228717	654.789
0.231265	652.83
0.230279	653.49
0.230529	653.31
0.20158	665.728
0.22	663.812
0.206318	665.446
0.213143	664.749
0.213182	664.746
0.207242	665.367
0.206707	665.414
0.201119	665.737
0.22	663.809
0.22	663.82
0.207849	665.31
0.201178	665.744
0.22958	654.025
0.22	663.803
0.200842	665.756
0.20875	665.226
0.207953	665.303
0.230508	653.336
0.200852	665.743
0.201232	665.733
0.208664	665.232
0.208703	665.23
0.207799	665.312
0.201726	665.719
0.200805	665.759
0.213124	664.75
0.232696	652.032
0.209525	665.147
0.201797	665.722
0.201223	665.742
0.236189	650.933
0.210529	665.043
0.211413	664.947
0.211398	664.95
0.234968	651.188
0.232052	652.354
0.214825	664.544
0.212188	664.859
0.212276	664.852
0.213158	664.749
0.213961	664.651
0.21307	664.757
0.218264	664.126
0.200768	665.756
0.20085	665.755
0.218265	664.126
0.219134	664.026
0.200776	665.766
0.201671	665.727
0.233836	651.563
0.233633	651.628
0.232829	651.985
0.201671	665.719
0.200746	665.759
0.201248	665.733
0.218293	664.124
0.210575	665.042
0.201764	665.719
0.201777	665.719
0.201217	665.741
0.201789	665.72
0.211352	664.955
0.22	663.804
0.209723	665.13
0.214793	664.547
0.214819	664.545
0.215666	664.441
0.215676	664.44
0.201758	665.716
0.201252	665.733
0.200825	665.763
0.215718	664.434
0.236263	650.923
0.201608	665.73
0.201183	665.743
0.233107	651.852
0.216551	664.332
0.215678	664.439
0.216541	664.333
0.214002	664.644
0.215716	664.436
0.21661	664.328
0.201526	665.724
0.214828	664.544
0.201767	665.716
0.214824	664.545
0.202456	665.693
0.218265	664.126
0.218295	664.124
0.218265	664.126
0.200926	665.751
0.235378	651.096
0.235439	651.076
0.236267	650.92
0.235134	651.155
0.22	663.81
0.202354	665.695
0.218285	664.124
0.200797	665.754
0.202228	665.701
0.201163	665.746
0.236232	650.929
0.22	663.815
0.200911	665.759
0.200516	665.768
0.202246	665.703
0.207206	665.365
0.22	663.824
0.22	663.823
0.22	663.815
0.213985	664.646
0.201774	665.715
0.22	663.804
0.22	663.809
0.22	663.82
0.218265	664.126
0.200785	665.754
0.217411	664.227
0.21656	664.332
0.217399	664.229
0.202279	665.695
0.200843	665.765
0.202364	665.692
0.201131	665.755
0.201173	665.745
0.201855	665.718
0.207804	665.31
0.212263	664.85
0.211392	664.949
0.212266	664.849
0.235333	651.102
0.236264	650.923
0.235399	651.089
0.236263	650.923
0.214882	664.537
0.214008	664.641
0.21486	664.539
0.200863	665.754
0.201262	665.743
0.235308	651.112
0.21402	664.643
0.22	663.819
0.217414	664.227
0.201683	665.728
0.20872	665.23
0.22	663.815
0.211392	664.948
0.21742	664.227
0.216595	664.329
0.216599	664.328
0.217415	664.228
0.217429	664.226
0.201741	665.725
0.216534	664.334
0.217427	664.227
0.22	663.815
0.22	663.81
0.214846	664.543
0.214841	664.544
0.217396	664.23
0.217395	664.23
0.217404	664.229
0.214012	664.645
0.22	663.818
0.217405	664.229
0.207544	665.336
0.21655	664.333
0.20174	665.717
0.215693	664.439
0.215693	664.438
0.201702	665.727
0.22	663.822
0.213937	664.651
0.21399	664.647
0.213142	664.75
0.216546	664.333
0.216553	664.333
0.215689	664.439
0.212302	664.848
0.211486	664.938
0.212117	664.866
0.201752	665.725
0.213147	664.746
0.207313	665.355
0.213143	664.747
0.213933	664.653
0.214816	664.546
0.211418	664.945
0.214815	664.546
0.214822	664.545
0.213952	664.651
0.213975	664.649
0.207189	665.365
0.214821	664.545
0.213962	664.649
0.215707	664.437
0.215727	664.434
0.214807	664.546
0.225	663.52
0.225	663.433
0.225	663.552
0.215692	664.439
0.201213	665.754
0.21396	664.651
0.21481	664.547
0.202343	665.697
0.202979	665.665
0.215675	664.44
0.213982	664.649
0.214814	664.546
0.225	663.646
0.225	663.678
0.225	663.601
0.212254	664.849
0.209788	665.124
0.209755	665.125
0.21062	665.035
0.212081	664.869
0.211271	664.964
0.212184	664.862
0.212346	664.842
0.213112	664.749
0.208857	665.213
0.208878	665.216
0.209037	665.196
0.215685	664.439
0.211404	664.946
0.203724	665.623
0.20977	665.125
0.208269	665.271
0.212294	664.848
0.213903	664.655
0.212267	664.851
0.211456	664.943
0.212012	664.879
0.211912	664.885
0.211068	664.984
0.211036	664.987
0.210336	665.064
0.210505	665.045
0.209667	665.136
0.210434	665.054
0.225	663.579
0.225	663.468
0.225	663.585
0.215723	664.435
0.210329	665.063
0.21068	665.033
0.210137	665.085
0.209434	665.157
0.210222	665.076
0.209439	665.157
0.208569	665.241
0.213151	664.748
0.211151	664.976
0.225	663.776
0.225	663.781
0.225	663.771
0.213935	664.651
0.202842	665.675
0.202319	665.699
0.213109	664.75
0.211242	664.966
0.207808	665.313
0.207665	665.321
0.212261	664.849
0.225	663.696
0.215679	664.44
0.213004	664.762
0.21304	664.762
0.213978	664.65
0.202363	665.69
0.208636	665.236
0.211232	664.966
0.209518	665.149
0.20921	665.177
0.208299	665.268
0.208654	665.234
0.208053	665.288
0.208077	665.286
0.207226	665.363
0.201169	665.756
0.225	663.524
0.225	663.557
0.225	663.432
0.210501	665.046
0.209574	665.142
0.209854	665.116
0.202337	665.701
0.225	663.678
0.225	663.607
0.225	663.675
0.210556	665.041
0.225	663.787
0.22	663.824
0.208511	665.247
0.209014	665.198
0.208659	665.234
0.225	663.788
0.225	663.789
0.225	663.783
0.209778	665.122
0.201721	665.735
0.207241	665.362
0.225	663.55
0.225	663.092
0.225	662.868
0.225	662.75
0.209461	665.154
0.210257	665.072
0.209433	665.156
0.202316	665.696
0.208891	665.211
0.207983	665.297
0.201824	665.721
0.202213	665.705
0.210298	665.068
0.211169	664.974
0.203009	665.662
0.202212	665.7
0.212072	664.873
0.201187	665.748
0.200951	665.755
0.210396	665.059
0.212061	664.873
0.225	663.788
0.225	663.782
0.225	663.781
0.201244	665.745
0.201715	665.729
0.201717	665.728
0.212993	664.765
0.212162	664.863
0.225	662.371
0.201257	665.752
0.201797	665.732
0.213035	664.76
0.203047	665.663
0.20383	665.619
0.201703	665.718
0.204641	665.566
0.20321	665.655
0.225	663.779
0.225	663.786
0.225	663.783
0.225	663.788
0.225	663.783
0.225	663.377
0.204605	665.568
0.203777	665.62
0.225	663.509
0.225	663.53
0.225	663.615
0.225	663.613
0.201935	665.709
0.225	663.779
0.225	663.766
0.225	663.779
0.201195	665.753
0.225	663.656
0.225	663.705
0.225	663.666
0.209543	665.147
0.212989	664.765
0.225	663.744
0.225	663.744
0.225	663.711
0.225	663.707
0.225	663.604
0.203026	665.661
0.226343	657.508
0.225	663.774
0.226304	657.559
0.226364	657.482
0.213124	664.753
0.213059	664.757
0.225	662.18
0.225	663.743
0.225	663.715
0.225	663.739
0.225	663.699
0.22633	657.514
0.226311	657.547
0.227061	656.545
0.226311	657.546
0.203798	665.62
0.201757	665.726
0.20231	665.704
0.210404	665.059
0.210301	665.066
0.21122	664.969
0.225	663.765
0.225	663.786
0.225	663.732
0.225	663.787
0.226343	657.499
0.227089	656.513
0.201636	665.738
0.201201	665.75
0.227107	656.5
0.226343	657.504
0.22633	657.509
0.22708	656.529
0.22708	656.525
0.225	663.76
0.202311	665.694
0.227097	656.505
0.227902	655.588
0.203602	665.629
0.225	663.787
0.225	663.787
0.225	663.17
0.204611	665.566
0.227914	655.584
0.227089	656.513
0.2279	655.589
0.227107	656.501
0.225	663.709
0.225	663.759
0.225	663.715
0.225	663.79
0.225	663.789
0.225	663.787
0.202309	665.705
0.227908	655.592
0.227914	655.586
0.227102	656.503
0.228742	654.766
0.227885	655.606
0.227885	655.608
0.20277	665.68
0.228764	654.771
0.228558	654.934
0.202231	665.71
0.225	663.722
0.225	663.695
0.225	663.734
0.225	663.753
0.225	663.566
0.229466	654.15
0.22874	654.785
0.228741	654.784
0.229558	654.052
0.203705	665.622
0.228764	654.773
0.228558	654.936
0.229464	654.152
0.229576	654.047
0.230371	653.418
0.229569	654.047
0.229581	654.042
0.225	663.787
0.225	663.787
0.203811	665.615
0.230333	653.441
0.230374	653.425
0.231103	652.915
0.230353	653.432
0.225	663.077
0.231188	652.857
0.225	663.748
0.225	663.74
0.225	663.723
0.225	663.726
0.225	663.65
0.225	663.607
0.225	663.675
0.225	663.659
0.231128	652.905
0.231382	652.754
0.23038	653.398
0.230353	653.419
0.20266	665.692
0.231144	652.895
0.225	663.788
0.225	663.582
0.225	663.653
0.225	663.645
0.225	663.77
0.225	663.752
0.225	663.756
0.231488	652.688
0.225	663.73
0.225	663.787
0.225	663.787
0.225	663.783
0.225	663.78
0.232703	652.036
0.231953	652.408
0.231962	652.419
0.232702	652.03
0.232807	651.996
0.233545	651.664
0.225	663.703
0.225	663.689
0.2335	651.683
0.232708	652.032
0.232653	652.072
0.225	663.719
0.234366	651.378
0.233482	651.684
0.233517	651.682
0.23419	651.43
0.225	663.783
0.225	663.785
0.204001	665.605
0.204643	665.563
0.205391	665.508
0.203003	665.671
0.203795	665.624
0.203048	665.668
0.225	661.837
0.225	663.789
0.203358	665.654
0.233583	651.656
0.233676	651.622
0.23284	651.985
0.203796	665.625
0.203815	665.627
0.225	663.718
0.206346	665.436
0.204199	665.602
0.225	663.272
0.225	663.426
0.225	663.263
0.2063	665.439
0.206376	665.434
0.226343	657.499
0.226364	657.488
0.225	663.048
0.205571	665.505
0.226335	657.517
0.206534	665.429
0.227097	656.504
0.226335	657.518
0.227102	656.506
0.204907	665.553
0.20492	665.554
0.227089	656.524
0.227089	656.519
0.227902	655.588
0.228758	654.751
0.227908	655.587
0.228742	654.754
0.208116	665.287
0.2279	655.593
0.227908	655.587
0.231298	652.786
0.229588	654.024
0.207476	665.347
0.231422	652.711
0.228758	654.752
0.227908	655.592
0.229588	654.028
0.230374	653.43
0.20773	665.325
0.225	663.271
0.225	663.086
0.225	663.068
0.218268	664.125
0.20781	665.317
0.208447	665.258
0.234403	651.355
0.231953	652.425
0.231918	652.435
0.231948	652.414
0.231165	652.885
0.225	662.388
0.225	662.803
0.225	662.783
0.234481	651.314
0.23452	651.327
0.217402	664.228
0.235179	651.147
0.234493	651.323
0.225	663.11
0.225	662.85
0.234387	651.37
0.225	662.428
0.225	662.406
0.225	662.815
0.225	663.367
0.225	663.264
0.218272	664.125
0.232295	652.231
0.232123	652.318
0.232978	651.904
0.235413	651.079
0.235534	651.054
0.234606	651.304
0.232913	651.939
0.225	663.301
0.225	663.056
0.207246	665.361
0.232113	652.335
0.232067	652.363
0.23255	652.153
0.207253	665.36
0.217406	664.227
0.225	663.423
0.225	663.546
0.225	663.469
0.216547	664.331
0.218268	664.126
0.225	663.256
0.225	663.42
0.216581	664.329
0.225	662.794
0.225	663.006
0.225	662.607
0.218274	664.126
0.225	663.287
0.225	663.308
0.225	663.073
0.225	663.192
0.225	663.369
0.225	663.233
0.215737	664.432
0.225	663.368
0.225	662.848
0.225	663.03
0.218283	664.125
0.21741	664.228
0.208115	665.283
0.209771	665.122
0.209617	665.137
0.200855	665.763
0.208949	665.205
0.208975	665.201
0.213218	664.737
0.213245	664.734
0.212335	664.839
0.211559	664.931
0.217469	664.224
0.225	663.164
0.210657	665.028
0.210656	665.028
0.209808	665.118
0.209797	665.118
0.211489	664.936
0.21399	664.646
0.225	662.75
0.225	662.41
0.225	662.425
0.214101	664.635
0.200844	665.764
0.208904	665.206
0.208983	665.202
0.213188	664.741
0.208938	665.206
0.225	662.779
0.225	662.372
0.225	662.312
0.215712	664.436
0.216584	664.329
0.216572	664.331
0.213215	664.742
0.211472	664.941
0.210626	665.034
0.210701	665.029
0.209874	665.114
0.209291	665.174
0.21003	665.099
0.202343	665.702
0.202337	665.703
0.208836	665.222
0.208923	665.213
0.203002	665.67
0.203842	665.624
0.204068	665.61
0.200834	665.744
0.210603	665.037
0.201234	665.734
0.2008	665.753
0.211436	664.946
0.200816	665.753
0.201723	665.725
0.203049	665.658
0.203075	665.657
0.202256	665.703
0.203765	665.618
0.202997	665.668
0.201709	665.721
0.201491	665.728
0.200859	665.75
0.200874	665.75
0.238	649.676
0.20228	665.704
0.238	649.736
0.238	649.918
0.238	650.171
0.238	649.992
0.202084	665.713
0.201372	665.728
0.201326	665.737
0.203028	665.66
0.202321	665.694
0.238	650.441
0.201154	665.742
0.238	650.236
0.238	650.438
0.238	650.294
0.238	650.53
0.238	649.785
0.238	650.108
0.238	649.953
0.238	650.213
0.238	649.994
0.238	649.901
0.238	650.06
0.202318	665.699
0.238	649.797
0.238	649.878
0.238	650.458
0.238	650.315
0.201757	665.72
0.204438	665.579
0.238	650.576
0.204584	665.571
0.238	650.129
0.238	650.007
0.238	650.445
0.238	650.582
0.238	650.369
0.225	663.784
0.236273	650.919
0.225	663.776
0.225	663.764
0.225	663.786
0.225	663.774
0.225	663.774
0.236266	650.921
0.238	650.456
0.225	663.481
0.225	663.574
0.225	663.786
0.225	663.492
0.225	663.5
0.236264	650.923
0.238	650.242
0.225	663.787
0.225	663.788
0.225	663.781
0.225	663.774
0.225	663.762
0.225	663.772
0.225	663.765
0.225	663.779
0.234003	651.511
0.225	663.593
0.225	663.698
0.225	663.767
0.225	663.786
0.225	663.75
0.225	663.749
0.225	663.726
0.225	663.774
0.225	663.761
0.225	663.729
0.225	663.759
0.225	663.784
0.225	663.781
0.225	663.767
0.225	663.784
0.225	663.785
0.236278	650.919
0.225	663.62
0.225	663.488
0.225	663.786
0.225	663.786
0.225	663.728
0.225	663.781
0.225	663.362
0.20806	665.289
0.232155	652.314
0.225	663.782
0.225	663.696
0.225	663.773
0.225	663.726
0.225	663.682
0.234646	651.283
0.225	663.588
0.235505	651.06
0.225	663.767
0.225	663.785
0.225	663.786
0.225	663.424
0.225	663.779
0.225	663.742
0.225	663.655
0.225	663.598
0.225	663.489
0.225	663.684
0.225	663.788
0.225	663.768
0.225	663.728
0.225	663.477
0.225	663.333
0.225	663.29
0.225	663.787
0.225	663.739
0.225	663.756
0.225	663.773
0.225	663.758
0.225	663.751
0.225	663.76
0.225	662.368
0.225	663.29
0.225	663.73
0.225	663.701
0.225	663.662
0.225	663.734
0.225	663.702
0.225	663.709
0.225	663.77
0.225	663.771
0.225	662.759
0.225	663.725
0.225	663.682
0.225	663.675
0.225	663.755
0.225	663.5
0.225	663.616
0.225	663.729
0.225	663.481
0.225	663.755
0.225	662.068
0.205186	665.529
0.225	663.745
0.225	662.408
0.225	662.269
0.225	663.78
0.23366	651.628
0.207073	665.378
0.225	663.772
0.225	663.633
0.225	663.658
0.225	663.352
0.225	663.782
0.225	663.756
0.225	663.756
0.227339	656.176
0.225	663.096
0.225	663.774
0.225	663.781
0.225	663.755
0.225	663.78
0.209479	665.153
0.207856	665.309
0.225	662.786
0.204816	665.559
0.225	663.501
0.22	663.829
0.222	663.796
0.212914	664.779
0.238	650.781
0.237026	650.826
0.225	663.791
0.22	663.8
0.225	663.788
0.238	650.784
0.238	650.784
0.22	663.894
0.22	663.895
0.22	663.8
0.225	663.791
0.222	663.797
0.223999	663.792
0.22	663.8
0.22	663.8
0.211878	664.886
0.213909	664.659
0.209848	665.108
0.208832	665.212
0.225	663.718
0.225	663.791
0.225	663.791
)
