(title "Wall Temperature")
(labels "Position" "Wall Temperature")

((xy/key/label "reducer_fluid")
0.225	630.905
0.225	630.889
0.224766	630.886
0.225	631.167
0.2	641.032
0.2	641.018
0.200234	640.911
0.225	630.897
0.225	630.894
0.224757	630.878
0.225	631.16
0.225	630.916
0.224757	630.907
0.225	631.075
0.224766	630.862
0.224729	630.88
0.225	630.903
0.224766	630.88
0.225	631.187
0.2	640.981
0.2	640.97
0.200234	640.867
0.2	641.034
0.2	641.072
0.200234	640.931
0.2	640.978
0.200234	640.866
0.2	641.045
0.200234	640.917
0.225	630.901
0.225	630.926
0.224766	630.907
0.225	631.131
0.2	641.122
0.2	641.104
0.200234	640.978
0.224729	630.919
0.225	630.812
0.225	630.824
0.224766	630.791
0.225	631.054
0.225	630.87
0.225	630.885
0.224766	630.857
0.225	631.171
0.2	641.013
0.200234	640.881
0.2	641.037
0.200234	640.899
0.2	641.1
0.2	641.119
0.200234	640.97
0.2	641.085
0.200243	640.962
0.224532	630.969
0.200234	640.983
0.2	641.066
0.200234	640.951
0.2	641.013
0.200234	640.904
0.200234	640.91
0.225	630.865
0.225	631.116
0.224766	630.89
0.224766	630.836
0.2	641.026
0.2	641.004
0.200234	640.902
0.2	641.061
0.200234	640.926
0.2	641.004
0.200234	640.896
0.224765	630.812
0.224766	630.79
0.224532	630.956
0.2	641.062
0.200234	640.932
0.224766	630.875
0.224766	630.935
0.225	630.91
0.225	631.182
0.224765	630.876
0.225	630.815
0.225	630.837
0.224766	630.81
0.225	630.959
0.2	641.053
0.200234	640.921
0.2	641.09
0.200234	640.953
0.2	641.037
0.2	641.052
0.200234	640.921
0.2	640.991
0.200234	640.875
0.224766	630.843
0.224766	630.794
0.224532	630.949
0.2	641.018
0.200234	640.908
0.225	630.847
0.225	631.142
0.200234	640.93
0.225	630.9
0.225	631.122
0.225	631.1
0.224766	630.895
0.2	641.052
0.200237	640.907
0.224532	630.962
0.224766	630.835
0.225	630.822
0.225	630.992
0.225	630.869
0.225	631.1
0.2	641.004
0.200234	640.896
0.225	630.949
0.225	631.097
0.2	641.026
0.200234	640.924
0.225	630.821
0.225	631.037
0.225	631.027
0.200234	640.885
0.200234	640.901
0.2	641.07
0.200234	640.942
0.200234	640.934
0.224532	630.94
0.225	630.912
0.225	631.176
0.224765	630.889
0.225	630.844
0.225	631.094
0.225	630.971
0.224766	630.954
0.225	631.198
0.200468	640.71
0.225	631.243
0.200467	640.744
0.224765	630.809
0.225	631.072
0.224532	630.876
0.200467	640.671
0.200467	640.758
0.225	630.83
0.224766	630.816
0.225	631.014
0.200468	640.754
0.200468	640.706
0.224532	630.921
0.224532	630.904
0.200467	640.682
0.225	630.982
0.224765	630.966
0.225	631.256
0.200468	640.674
0.200468	640.709
0.225	630.995
0.224766	630.974
0.225	631.266
0.200468	640.705
0.200468	640.72
0.225	630.955
0.225	630.947
0.224766	630.953
0.225	631.11
0.225	630.882
0.224765	630.852
0.224765	630.971
0.225	631.121
0.224532	630.863
0.224532	630.995
0.200272	640.942
0.225	630.924
0.224765	630.922
0.225	631.298
0.200468	640.703
0.224766	630.888
0.225	631.199
0.200468	640.754
0.224533	630.925
0.200272	640.9
0.200465	640.69
0.224533	630.967
0.224532	630.875
0.200463	640.699
0.200463	640.704
0.224533	630.879
0.224533	631.015
0.224532	630.967
0.200465	640.675
0.224514	630.959
0.224514	630.986
0.200465	640.727
0.200468	640.714
0.200468	640.724
0.200463	640.691
0.200462	640.711
0.224533	630.936
0.224533	630.898
0.224531	630.956
0.200462	640.707
0.200463	640.705
0.224531	630.875
0.224535	630.911
0.224535	631.03
0.200462	640.718
0.200462	640.724
0.200462	640.715
0.200462	640.719
0.224532	631.034
0.224532	631.011
0.200464	640.682
0.200464	640.713
0.224537	630.979
0.224537	631.041
0.224535	630.946
0.224534	630.898
0.224534	630.966
0.224535	631.039
0.224299	631.021
0.224299	631.024
0.224299	631.022
0.224299	631.027
0.224298	630.997
0.224065	631.104
0.224065	631.105
0.224298	631.041
0.224298	630.971
0.200486	640.737
0.224298	630.951
0.224299	631.033
0.224304	631.019
0.224299	631.005
0.224299	630.958
0.224298	631.019
0.200484	640.682
0.224304	631.036
0.224303	631.026
0.2243	630.981
0.224065	631.104
0.224065	631.094
0.2243	630.995
0.224303	630.986
0.224299	631.011
0.224068	631.074
0.224298	630.965
0.224066	631.061
0.2243	630.953
0.2243	631.058
0.224068	631.074
0.224066	631.086
0.224064	631.091
0.224065	631.121
0.224066	631.107
0.2243	631.071
0.224064	631.063
0.2243	630.974
0.224065	631.048
0.224066	631.052
0.200701	640.581
0.200699	640.58
0.200699	640.576
0.2007	640.582
0.200689	640.57
0.200934	640.435
0.200935	640.435
0.200701	640.512
0.2007	640.511
0.2007	640.517
0.200699	640.525
0.200689	640.515
0.200933	640.379
0.20069	640.533
0.224298	630.968
0.224298	631.021
0.200702	640.537
0.200702	640.542
0.200698	640.586
0.200702	640.538
0.200702	640.535
0.200702	640.535
0.223838	631.188
0.223834	631.2
0.223838	631.174
0.223834	631.167
0.200702	640.546
0.200702	640.539
0.200936	640.396
0.200936	640.394
0.2243	631.08
0.224298	631.071
0.224302	631.083
0.2243	631.081
0.224072	631.143
0.224067	631.144
0.224302	631.049
0.224067	631.14
0.224069	631.14
0.2243	631
0.223841	631.231
0.223834	631.231
0.224067	631.128
0.223834	631.225
0.223601	631.333
0.223834	631.214
0.224068	631.11
0.200935	640.394
0.200935	640.393
0.200935	640.395
0.224302	631.024
0.200699	640.515
0.224072	631.091
0.2236	631.328
0.200935	640.398
0.22407	631.073
0.223838	631.199
0.223841	631.184
0.2236	631.319
0.201168	640.274
0.20117	640.274
0.201169	640.274
0.20117	640.275
0.2014	640.174
0.20139	640.176
0.201168	640.274
0.200932	640.396
0.201403	640.174
0.201169	640.276
0.201402	640.175
0.201638	640.091
0.20164	640.093
0.200699	640.542
0.201168	640.278
0.200932	640.401
0.201403	640.176
0.200699	640.555
0.200699	640.548
0.200697	640.521
0.200924	640.382
0.200697	640.527
0.200923	640.387
0.200697	640.534
0.201403	640.173
0.200922	640.392
0.200696	640.539
0.200922	640.397
0.200696	640.543
0.200924	640.399
0.200932	640.397
0.201159	640.277
0.201162	640.276
0.200927	640.378
0.20139	640.177
0.201157	640.277
0.224064	631.06
0.201157	640.274
0.201391	640.174
0.224064	631.095
0.201157	640.271
0.201391	640.172
0.201157	640.267
0.201391	640.169
0.20116	640.264
0.201391	640.167
0.201154	640.264
0.200921	640.379
0.200933	640.433
0.200939	640.433
0.201389	640.176
0.201625	640.087
0.201625	640.089
0.201623	640.085
0.20139	640.166
0.201872	640.014
0.201382	640.179
0.201881	640.015
0.201625	640.085
0.201621	640.091
0.201856	640.02
0.201614	640.098
0.201619	640.093
0.201853	640.022
0.201858	640.017
0.202084	639.964
0.201616	640.086
0.201854	640.023
0.20162	640.093
0.223604	631.336
0.200697	640.546
0.223367	631.452
0.223609	631.307
0.223366	631.446
0.200924	640.415
0.200697	640.541
0.200923	640.409
0.200697	640.541
0.200922	640.406
0.200696	640.545
0.200922	640.405
0.200696	640.548
0.200924	640.405
0.200932	640.403
0.201159	640.284
0.201162	640.282
0.200927	640.423
0.20139	640.181
0.201157	640.285
0.201157	640.287
0.201391	640.185
0.201157	640.29
0.201626	640.092
0.201631	640.091
0.201391	640.188
0.201157	640.295
0.201615	640.094
0.201386	640.166
0.201391	640.192
0.20116	640.301
0.201391	640.198
0.201154	640.309
0.200929	640.43
0.201389	640.184
0.201625	640.107
0.201625	640.103
0.201623	640.113
0.20139	640.205
0.201858	640.043
0.201382	640.185
0.201848	640.04
0.201625	640.119
0.202088	639.964
0.202103	639.959
0.201621	640.101
0.201857	640.035
0.201619	640.101
0.201853	640.033
0.201858	640.047
0.202084	639.978
0.201615	640.126
0.201854	640.032
0.20162	640.1
0.201387	640.211
0.201165	640.313
0.224064	631.102
0.201631	640.097
0.224064	631.07
0.201851	640.023
0.202076	639.965
0.202302	639.916
0.201854	640.022
0.202292	639.916
0.202083	639.964
0.202305	639.915
0.202088	639.976
0.202085	639.981
0.202507	639.875
0.202349	639.907
0.202177	639.946
0.202294	639.916
0.202087	639.964
0.201854	640.023
0.201854	640.026
0.202082	639.968
0.201846	640.03
0.201851	640.032
0.202085	639.976
0.202319	639.926
0.201854	640.031
0.202302	639.928
0.202087	639.975
0.202318	639.929
0.202557	639.881
0.202312	639.933
0.20208	639.985
0.202311	639.926
0.202091	639.974
0.20186	640.03
0.202075	639.973
0.202324	639.924
0.202086	639.974
0.20232	639.924
0.202552	639.878
0.202556	639.878
0.202544	639.88
0.202314	639.924
0.202551	639.878
0.202535	639.878
0.202305	639.921
0.202541	639.88
0.202542	639.885
0.202786	639.835
0.202767	639.836
0.202761	639.836
0.202777	639.836
0.202768	639.838
0.203003	639.793
0.203006	639.794
0.202779	639.839
0.203007	639.795
0.203241	639.754
0.203017	639.797
0.202771	639.843
0.202754	639.837
0.203233	639.753
0.203235	639.756
0.202998	639.794
0.203467	639.716
0.203449	639.719
0.203244	639.757
0.203235	639.753
0.202993	639.796
0.203508	639.712
0.203007	639.8
0.203222	639.756
0.202992	639.797
0.203457	639.715
0.203645	639.688
0.203481	639.718
0.203238	639.759
0.203217	639.759
0.202316	639.913
0.203456	639.716
0.202501	639.874
0.203453	639.72
0.203449	639.725
0.203218	639.762
0.202989	639.797
0.202773	639.833
0.202538	639.873
0.203009	639.793
0.203213	639.762
0.202318	639.915
0.202781	639.829
0.203685	639.685
0.202524	639.872
0.203681	639.681
0.203427	639.729
0.203217	639.76
0.20254	639.87
0.202982	639.793
0.203441	639.729
0.203671	639.692
0.203667	639.696
0.203894	639.652
0.203906	639.646
0.202766	639.828
0.203903	639.659
0.203678	639.698
0.203438	639.73
0.203219	639.76
0.202981	639.793
0.202526	639.87
0.203886	639.665
0.202749	639.83
0.203191	639.761
0.204128	639.627
0.204132	639.619
0.203433	639.73
0.203895	639.668
0.203659	639.7
0.202968	639.794
0.203653	639.7
0.20343	639.729
0.2032	639.76
0.20272	639.834
0.202946	639.798
0.202513	639.872
0.203908	639.643
0.204124	639.633
0.20367	639.68
0.204134	639.612
0.203875	639.669
0.202714	639.837
0.204355	639.588
0.20436	639.595
0.203176	639.764
0.204119	639.636
0.203417	639.729
0.204367	639.579
0.204142	639.608
0.202935	639.801
0.202717	639.838
0.204361	639.576
0.204136	639.61
0.203903	639.645
0.204347	639.602
0.204108	639.638
0.20365	639.699
0.203869	639.669
0.203421	639.729
0.203159	639.768
0.204371	639.577
0.204332	639.605
0.204587	639.564
0.204599	639.556
0.203646	639.697
0.204595	639.549
0.204567	639.57
0.204597	639.545
0.204837	639.526
0.20386	639.669
0.204089	639.638
0.204319	639.606
0.204554	639.572
0.204302	639.604
0.204075	639.636
0.204542	639.571
0.204527	639.569
0.20429	639.602
0.203857	639.667
0.203667	639.693
0.20407	639.633
0.203574	639.705
0.20383	639.667
0.204768	639.535
0.204769	639.537
0.204269	639.6
0.204032	639.633
0.204499	639.568
0.204735	639.534
0.204706	639.534
0.204983	639.499
0.205003	639.5
0.204484	639.566
0.204953	639.5
0.203332	639.742
0.203799	639.667
0.204935	639.501
0.204701	639.534
0.204266	639.597
0.204027	639.63
0.204471	639.566
0.203562	639.701
0.205182	639.466
0.203783	639.664
0.204226	639.599
0.204002	639.63
0.204672	639.538
0.205178	639.467
0.204436	639.57
0.204204	639.601
0.203758	639.664
0.203971	639.633
0.204902	639.506
0.204405	639.575
0.205206	639.465
0.205141	639.472
0.205083	639.481
0.205392	639.435
0.20463	639.544
0.205414	639.431
0.204842	639.514
0.205331	639.444
0.20417	639.605
0.205238	639.459
0.205004	639.493
0.204819	639.52
0.204617	639.549
0.204386	639.578
0.203942	639.636
0.204825	639.522
0.204152	639.608
0.204596	639.551
0.205041	639.491
0.202927	639.804
0.205047	639.49
0.204374	639.579
0.204804	639.522
0.204585	639.55
0.204134	639.609
0.204369	639.578
0.205295	639.452
0.204805	639.517
0.205031	639.487
0.204574	639.548
0.203349	639.737
0.203538	639.698
0.205252	639.455
0.205017	639.482
0.204785	639.513
0.20375	639.664
0.204363	639.576
0.204503	639.553
0.205244	639.45
0.203906	639.64
0.205461	639.419
0.205437	639.426
0.204997	639.477
0.224067	631.104
0.204152	639.606
0.205208	639.448
0.203914	639.641
0.224069	631.057
0.203711	639.668
0.205014	639.501
0.203676	639.674
0.224067	631.081
0.224069	631.132
0.203901	639.643
0.204201	639.597
0.203658	639.681
0.204798	639.536
0.203473	639.704
0.203526	639.697
0.2035	639.699
0.223833	631.179
0.205427	639.43
0.203335	639.734
0.200544	640.631
0.200544	640.684
0.200934	640.374
0.203316	639.732
0.203426	639.716
0.200938	640.38
0.224063	631.105
0.223833	631.183
0.203275	639.734
0.223837	631.231
0.203264	639.737
0.203222	639.747
0.205516	639.415
0.224458	630.978
0.224063	631.112
0.224458	631.004
0.203125	639.77
0.203135	639.763
0.203129	639.771
0.223834	631.211
0.202909	639.807
0.204801	639.533
0.205601	639.4
0.202901	639.805
0.223834	631.163
0.203086	639.77
0.203012	639.781
0.202641	639.854
0.205457	639.426
0.20273	639.836
0.202815	639.818
0.203006	639.783
0.203177	639.761
0.202607	639.858
0.205437	639.416
0.202421	639.894
0.20477	639.508
0.203601	639.693
0.203388	639.728
0.205249	639.463
0.205654	639.393
0.202547	639.887
0.205442	639.429
0.205661	639.391
0.20546	639.427
0.205232	639.466
0.20561	639.399
0.205577	639.404
0.204851	639.518
0.205675	639.389
0.202981	639.793
0.205862	639.357
0.203664	639.684
0.202777	639.843
0.205884	639.351
0.20593	639.344
0.205936	639.343
0.205691	639.388
0.202961	639.804
0.203155	639.772
0.205663	639.383
0.205414	639.414
0.205179	639.445
0.205	639.471
0.205644	639.391
0.204511	639.547
0.204892	639.486
0.205032	639.499
0.223369	631.455
0.20565	639.38
0.205164	639.445
0.205478	639.427
0.205893	639.344
0.205896	639.346
0.205854	639.349
0.205396	639.413
0.20577	639.369
0.205619	639.383
0.206117	639.304
0.20462	639.528
0.201152	640.314
0.20428	639.583
0.201162	640.314
0.2046	639.546
0.203678	639.681
0.205582	639.388
0.206146	639.301
0.20622	639.287
0.223834	631.173
0.223831	631.176
0.223834	631.191
0.223831	631.198
0.205282	639.462
0.203807	639.666
0.203744	639.677
0.205051	639.495
0.205493	639.426
0.205704	639.389
0.205282	639.46
0.205921	639.347
0.205709	639.39
0.205509	639.425
0.205078	639.489
0.20401	639.626
0.20592	639.35
0.206111	639.309
0.206135	639.307
0.205313	639.455
0.206341	639.263
0.206158	639.306
0.20594	639.351
0.205728	639.39
0.205547	639.422
0.205126	639.481
0.205363	639.448
0.205756	639.389
0.205959	639.352
0.20638	639.258
0.205556	639.423
0.206169	639.311
0.205964	639.354
0.205778	639.39
0.20581	639.363
0.201849	640.054
0.201168	640.31
0.206131	639.322
0.206394	639.262
0.203011	639.8
0.206623	639.202
0.206617	639.209
0.206354	639.277
0.201855	640.018
0.206624	639.217
0.206182	639.315
0.20557	639.426
0.205317	639.457
0.206598	639.228
0.206403	639.272
0.206858	639.167
0.206878	639.157
0.206019	639.35
0.205825	639.387
0.205336	639.463
0.205629	639.422
0.206113	639.308
0.206075	639.343
0.206289	639.297
0.205875	639.38
0.206004	639.329
0.206176	639.296
0.206111	639.308
0.206526	639.221
0.206337	639.291
0.206132	639.331
0.205091	639.488
0.205791	639.359
0.206852	639.174
0.205435	639.405
0.206838	639.159
0.206592	639.234
0.204869	639.513
0.20568	639.414
0.205425	639.454
0.20644	639.24
0.207137	639.101
0.206763	639.165
0.206685	639.184
0.206144	639.304
0.203768	639.665
0.205679	639.388
0.20582	639.361
0.205765	639.373
0.20594	639.343
0.205854	639.357
0.206025	639.327
0.20608	639.315
0.20619	639.295
0.206283	639.277
0.206101	639.315
0.206365	639.26
0.206202	639.292
0.206573	639.24
0.206036	639.322
0.205979	639.335
0.206298	639.277
0.20634	639.266
0.205707	639.372
0.203345	639.739
0.206251	639.286
0.206375	639.259
0.206543	639.23
0.202317	639.913
0.206593	639.216
0.206383	639.256
0.206468	639.248
0.206608	639.21
0.206776	639.179
0.206883	639.153
0.206686	639.204
0.206848	639.157
0.207112	639.106
0.206614	639.207
0.202778	639.828
0.204833	639.517
0.202765	639.837
0.204589	639.552
0.204358	639.582
0.205939	639.367
0.205167	639.487
0.202314	639.936
0.202083	639.988
0.20254	639.89
0.204112	639.615
0.201155	640.263
0.204348	639.569
0.203889	639.649
0.204111	639.62
0.204346	639.587
0.204864	639.519
0.206351	639.259
0.206312	639.27
0.203863	639.656
0.207085	639.115
0.204586	639.557
0.204341	639.592
0.206464	639.24
0.204075	639.627
0.204563	639.562
0.204313	639.598
0.204557	639.566
0.204807	639.533
0.204814	639.529
0.204793	639.536
0.204035	639.635
0.206386	639.279
0.206963	639.143
0.205034	639.507
0.205067	639.495
0.204786	639.539
0.204534	639.57
0.207042	639.114
0.205042	639.504
0.205013	639.509
0.207113	639.098
0.206916	639.135
0.205005	639.51
0.205257	639.477
0.205272	639.476
0.204762	639.542
0.205244	639.477
0.205484	639.441
0.205222	639.478
0.204985	639.512
0.205029	639.504
0.205483	639.446
0.205746	639.4
0.206181	639.319
0.20428	639.604
0.205257	639.478
0.206658	639.198
0.205493	639.442
0.20452	639.574
0.206874	639.151
0.206369	639.261
0.203557	639.703
0.206863	639.177
0.206608	639.203
0.206438	639.244
0.206542	639.223
0.206727	639.183
0.206626	639.205
0.202772	639.825
0.206806	639.164
0.20689	639.143
0.2067	639.185
0.203106	639.785
0.20699	639.121
0.207068	639.1
0.206906	639.14
0.207168	639.077
0.207253	639.054
0.207152	639.077
0.203338	639.743
0.207188	639.081
0.202951	639.81
0.207332	639.032
0.206968	639.121
0.206527	639.223
0.207516	638.984
0.207411	639.008
0.20723	639.054
0.202757	639.843
0.206794	639.18
0.204077	639.617
0.202809	639.841
0.203261	639.761
0.206783	639.164
0.205466	639.442
0.223372	631.456
0.203533	639.708
0.22361	631.335
0.206006	639.352
0.203874	639.648
0.203705	639.676
0.202067	639.967
0.203805	639.66
0.20706	639.108
0.206522	639.235
0.200816	640.456
0.20709	639.097
0.201167	640.26
0.207433	639.008
0.201166	640.259
0.207595	638.96
0.205709	639.402
0.205722	639.403
0.205963	639.359
0.205697	639.404
0.205944	639.362
0.207697	638.937
0.207803	638.906
0.20789	638.878
0.207713	638.927
0.207587	638.968
0.200816	640.509
0.207345	639.033
0.207958	638.863
0.223837	631.203
0.223837	631.197
0.201391	640.213
0.201623	640.129
0.201397	640.211
0.201621	640.13
0.201399	640.209
0.201631	640.127
0.201845	640.059
0.201856	640.06
0.20186	640.059
0.223832	631.183
0.201403	640.207
0.201184	640.299
0.202092	640.001
0.201858	640.058
0.201635	640.123
0.202084	640
0.201634	640.121
0.202092	640.001
0.201359	640.217
0.201087	640.352
0.202322	639.947
0.202326	639.949
0.202318	639.944
0.201872	640.052
0.202329	639.95
0.20208	639.997
0.202553	639.9
0.202098	639.999
0.202077	640.003
0.202561	639.903
0.201903	640.047
0.202553	639.896
0.223838	631.189
0.202324	639.952
0.20256	639.906
0.223834	631.204
0.202791	639.856
0.202794	639.861
0.202568	639.906
0.202446	639.928
0.202812	639.862
0.224186	631.07
0.202174	639.981
0.202718	639.882
0.202787	639.851
0.203028	639.82
0.203027	639.815
0.223832	631.202
0.203023	639.809
0.203054	639.818
0.202779	639.848
0.202545	639.893
0.20299	639.834
0.203262	639.776
0.203262	639.781
0.203244	639.771
0.223606	631.304
0.2236	631.301
0.223604	631.309
0.223602	631.313
0.20472	639.546
0.223838	631.202
0.223369	631.437
0.2236	631.315
0.223821	631.214
0.223372	631.433
0.223834	631.205
0.223368	631.439
0.223598	631.3
0.223369	631.431
0.223142	631.569
0.22314	631.573
0.224186	631.057
0.223914	631.17
0.223137	631.568
0.223364	631.431
0.22337	631.439
0.223136	631.566
0.223643	631.303
0.223138	631.577
0.222906	631.714
0.222909	631.71
0.222907	631.717
0.222673	631.869
0.222905	631.72
0.222677	631.871
0.222924	631.708
0.222674	631.865
0.223099	631.592
0.207046	639.1
0.223834	631.165
0.222681	631.87
0.222441	632.027
0.222439	632.024
0.222443	632.031
0.222441	632.021
0.20299	639.812
0.222208	632.183
0.223366	631.43
0.2229	631.712
0.222208	632.187
0.222435	632.038
0.222827	631.776
0.223834	631.221
0.223138	631.565
0.222193	632.202
0.222204	632.182
0.222676	631.862
0.221976	632.346
0.222556	631.956
0.221974	632.341
0.222284	632.131
0.221958	632.363
0.221972	632.339
0.221743	632.496
0.200928	640.375
0.202744	639.829
0.206609	639.234
0.223606	631.313
0.2236	631.312
0.201158	640.26
0.223604	631.316
0.207525	638.976
0.223602	631.318
0.201185	640.252
0.223369	631.44
0.2236	631.318
0.223821	631.212
0.223372	631.438
0.223368	631.441
0.223598	631.309
0.223369	631.437
0.223142	631.572
0.22314	631.573
0.202299	639.94
0.223914	631.165
0.223137	631.573
0.223364	631.436
0.22337	631.441
0.223136	631.571
0.223643	631.305
0.207107	639.116
0.223138	631.575
0.222906	631.718
0.222909	631.716
0.222907	631.717
0.222673	631.87
0.222905	631.716
0.222677	631.868
0.223599	631.301
0.222925	631.703
0.222674	631.87
0.223099	631.589
0.222681	631.864
0.222441	632.026
0.222439	632.027
0.202088	639.992
0.222443	632.025
0.222441	632.027
0.222208	632.183
0.223366	631.432
0.2229	631.718
0.222208	632.183
0.222434	632.03
0.222827	631.769
0.223138	631.569
0.222193	632.194
0.222204	632.185
0.223599	631.303
0.222676	631.869
0.221976	632.34
0.222556	631.948
0.221974	632.338
0.222284	632.122
0.221958	632.354
0.205452	639.444
0.221972	632.34
0.221743	632.491
0.202084	639.962
0.223602	631.297
0.203475	639.72
0.205936	639.363
0.223601	631.293
0.223368	631.424
0.2236	631.291
0.202776	639.844
0.223366	631.423
0.2236	631.29
0.223371	631.426
0.223366	631.422
0.2236	631.294
0.223841	631.172
0.223602	631.305
0.223601	631.312
0.203016	639.805
0.223368	631.436
0.2236	631.32
0.223366	631.442
0.2236	631.327
0.223371	631.431
0.203261	639.783
0.223366	631.447
0.203484	639.739
0.2236	631.333
0.202311	639.942
0.223834	631.228
0.203245	639.759
0.204258	639.609
0.223366	631.424
0.204398	639.588
0.20139	640.165
0.207346	639.022
0.206862	639.144
0.207109	639.083
0.207624	638.951
0.223366	631.452
0.201396	640.162
0.201627	640.084
0.201403	640.162
0.201619	640.086
0.20163	640.083
0.201857	640.019
0.201862	640.019
0.201405	640.164
0.201637	640.084
0.201852	640.019
0.201867	640.021
0.203471	639.733
0.202079	639.966
0.202079	639.964
0.202089	639.968
0.20186	640.023
0.201632	640.086
0.202088	639.962
0.223142	631.584
0.202318	639.913
0.202321	639.912
0.202312	639.917
0.202095	639.971
0.202536	639.868
0.202557	639.883
0.202567	639.885
0.202539	639.87
0.202317	639.92
0.202718	639.861
0.202549	639.874
0.202326	639.924
0.202549	639.879
0.202319	639.929
0.202079	639.976
0.202549	639.865
0.201359	640.176
0.204975	639.513
0.201903	640.018
0.202174	639.957
0.202446	639.907
0.203253	639.765
0.203234	639.763
0.203008	639.803
0.221739	632.495
0.221972	632.337
0.202778	639.845
0.202544	639.891
0.205213	639.48
0.206187	639.316
0.206202	639.314
0.206433	639.268
0.221739	632.493
0.221972	632.341
0.206464	639.261
0.206636	639.226
0.20685	639.18
0.206869	639.176
0.206683	639.216
0.206911	639.168
0.206175	639.32
0.206912	639.167
0.206716	639.209
0.204601	639.56
0.222203	632.18
0.203011	639.801
0.207139	639.116
0.204799	639.535
0.203979	639.643
0.203712	639.682
0.207114	639.119
0.206649	639.225
0.206408	639.274
0.206153	639.325
0.205915	639.368
0.203465	639.725
0.203463	639.729
0.223137	631.557
0.223132	631.56
0.223365	631.427
0.223137	631.576
0.223132	631.583
0.223365	631.456
0.203441	639.748
0.203238	639.761
0.203476	639.721
0.203702	639.685
0.222203	632.186
0.203462	639.724
0.203941	639.649
0.203701	639.686
0.203936	639.651
0.203924	639.652
0.203698	639.687
0.204148	639.621
0.203697	639.688
0.203931	639.651
0.222667	631.864
0.203693	639.692
0.222667	631.871
0.203929	639.652
0.203686	639.698
0.203925	639.656
0.204155	639.617
0.203677	639.705
0.204161	639.618
0.203898	639.663
0.204164	639.619
0.20416	639.618
0.204145	639.623
0.204127	639.63
0.204386	639.587
0.203533	639.732
0.204392	639.586
0.203913	639.665
0.204371	639.591
0.204391	639.587
0.204622	639.556
0.204625	639.557
0.204396	639.587
0.203805	639.685
0.205668	639.41
0.204622	639.559
0.204617	639.556
0.204857	639.53
0.204857	639.528
0.204863	639.524
0.204077	639.637
0.204817	639.534
0.205108	639.497
0.204357	639.596
0.206392	639.28
0.205113	639.493
0.204613	639.559
0.223601	631.336
0.207131	639.117
0.206887	639.174
0.204861	639.524
0.205091	639.499
0.205183	639.486
0.204971	639.514
0.205442	639.447
0.205413	639.455
0.205353	639.462
0.205383	639.458
0.205658	639.415
0.205897	639.374
0.205633	639.421
0.20614	639.331
0.205886	639.378
0.206115	639.336
0.205618	639.422
0.206103	639.339
0.206361	639.291
0.205105	639.49
0.20638	639.286
0.205857	639.382
0.206343	639.294
0.223132	631.561
0.206574	639.247
0.206595	639.242
0.223139	631.585
0.206577	639.249
0.206327	639.295
0.206085	639.339
0.205845	639.381
0.205605	639.419
0.20606	639.339
0.2066	639.237
0.222437	632.02
0.222437	632.027
0.206569	639.25
0.205822	639.379
0.206305	639.295
0.206549	639.251
0.205362	639.455
0.206525	639.251
0.205585	639.417
0.206771	639.206
0.206287	639.295
0.206047	639.337
0.205812	639.376
0.205343	639.453
0.205574	639.415
0.206037	639.337
0.207103	639.12
0.206276	639.294
0.205814	639.374
0.206515	639.251
0.206261	639.297
0.205979	639.343
0.206759	639.207
0.205707	639.393
0.206503	639.253
0.205324	639.454
0.206522	639.253
0.206743	639.21
0.206754	639.208
0.206804	639.202
0.206702	639.218
0.205072	639.493
0.206962	639.167
0.206948	639.172
0.206973	639.163
0.206794	639.2
0.207175	639.124
0.207161	639.127
0.207201	639.117
0.207417	639.068
0.207212	639.112
0.20699	639.16
0.207002	639.157
0.206816	639.197
0.206808	639.194
0.20744	639.061
0.207208	639.109
0.207002	639.155
0.206792	639.202
0.207386	639.078
0.207238	639.101
0.207442	639.056
0.207648	639.01
0.207652	639.004
0.207456	639.049
0.207682	638.994
0.207484	639.038
0.207119	639.121
0.207232	639.098
0.207685	638.985
0.207066	639.149
0.207632	639.017
0.2079	638.938
0.207918	638.927
0.207884	638.946
0.208125	638.879
0.207873	638.954
0.208099	638.889
0.207712	638.974
0.207817	638.969
0.207609	639.023
0.208133	638.869
0.207035	639.149
0.208075	638.9
0.208345	638.818
0.207338	639.094
0.208363	638.807
0.207932	638.917
0.207475	639.034
0.208329	638.826
0.207024	639.147
0.208164	638.855
0.207247	639.095
0.207493	639.029
0.207222	639.1
0.207048	639.14
0.206843	639.185
0.207081	639.131
0.207282	639.084
0.207319	639.073
0.207721	638.967
0.20752	639.022
0.207334	639.068
0.207555	639.014
0.207372	639.061
0.20774	638.961
0.207743	638.961
0.20758	639.008
0.207348	639.054
0.207779	638.956
0.207612	639.002
0.207367	639.046
0.207817	638.949
0.208387	638.794
0.207374	639.058
0.207827	638.944
0.207599	639.001
0.208581	638.745
0.20857	638.754
0.207379	639.056
0.207994	638.897
0.207769	638.953
0.208022	638.892
0.207984	638.898
0.207977	638.897
0.207601	638.997
0.207855	638.935
0.208191	638.835
0.207969	638.896
0.208215	638.833
0.208199	638.83
0.208358	638.782
0.208416	638.771
0.208229	638.832
0.208213	638.823
0.207362	639.056
0.208059	638.882
0.208305	638.834
0.207881	638.948
0.207897	638.92
0.208444	638.766
0.208142	638.853
0.207878	638.926
0.207595	638.996
0.208153	638.874
0.208555	638.76
0.208607	638.731
0.208631	638.703
0.208464	638.765
0.208251	638.828
0.208425	638.799
0.208125	638.858
0.208791	638.686
0.208809	638.677
0.208418	638.762
0.208787	638.688
0.208827	638.666
0.208694	638.695
0.209027	638.608
0.208589	638.712
0.208256	638.826
0.208463	638.767
0.208682	638.699
0.208889	638.626
0.208911	638.626
0.207958	638.902
0.208691	638.699
0.20885	638.631
0.209105	638.552
0.20881	638.637
0.208422	638.777
0.208921	638.625
0.209126	638.55
0.209189	638.536
0.208926	638.624
0.208668	638.706
0.208618	638.698
0.209047	638.56
0.208374	638.79
0.208183	638.842
0.209025	638.567
0.209305	638.476
0.207988	638.894
0.209348	638.471
0.209399	638.461
0.208504	638.733
0.20877	638.65
0.209269	638.484
0.208374	638.772
0.209547	638.394
0.223367	631.437
0.209519	638.4
0.208708	638.673
0.209244	638.495
0.208967	638.586
0.208402	638.781
0.209463	638.414
0.209605	638.384
0.209182	638.519
0.209437	638.429
0.20972	638.324
0.209146	638.551
0.225	631.089
0.209744	638.317
0.209683	638.339
0.208921	638.609
0.209932	638.248
0.209652	638.358
0.209051	638.597
0.209383	638.454
0.208837	638.653
0.209964	638.235
0.209881	638.27
0.208619	638.718
0.209802	638.306
0.20985	638.292
0.210136	638.174
0.21018	638.155
0.209131	638.544
0.210228	638.141
0.210002	638.226
0.209595	638.386
0.210098	638.196
0.210383	638.079
0.209354	638.483
0.20915	638.55
0.209348	638.478
0.210349	638.099
0.210065	638.219
0.208912	638.625
0.209799	638.319
0.209483	638.438
0.209382	638.473
0.20986	638.294
0.208706	638.688
0.209566	638.411
0.208696	638.719
0.209422	638.46
0.209164	638.546
0.210434	638.061
0.209017	638.617
0.207764	638.951
0.209658	638.372
0.208475	638.761
0.2103	638.123
0.20826	638.819
0.208648	638.699
0.210059	638.215
0.210266	638.147
0.210555	638.023
0.210598	638
0.209549	638.413
0.210638	637.983
0.210849	637.902
0.210671	637.97
0.208874	638.633
0.210468	638.053
0.210249	638.139
0.210013	638.246
0.210516	638.046
0.210804	637.922
0.210117	638.203
0.209921	638.279
0.210767	637.943
0.208908	638.625
0.21048	638.068
0.209764	638.342
0.210218	638.172
0.209968	638.27
0.209092	638.568
0.21072	637.967
0.21043	638.093
0.210683	637.99
0.210974	637.863
0.209307	638.501
0.211011	637.842
0.225	631.143
0.20951	638.436
0.210933	637.886
0.207571	638.996
0.210181	638.193
0.211185	637.781
0.210895	637.908
0.210637	638.013
0.211224	637.759
0.210385	638.113
0.211139	637.805
0.210847	637.932
0.209065	638.584
0.2111	637.829
0.211392	637.698
0.211431	637.677
0.211351	637.722
0.210597	638.031
0.209715	638.365
0.211602	637.616
0.211302	637.746
0.211014	637.868
0.225	630.936
0.210793	637.956
0.211642	637.595
0.211557	637.638
0.211142	637.814
0.211542	637.648
0.21181	637.531
0.211473	637.656
0.211854	637.511
0.210141	638.209
0.211414	637.699
0.209927	638.29
0.211769	637.556
0.210251	638.146
0.21202	637.445
0.211833	637.506
0.211686	637.594
0.212061	637.425
0.211657	637.58
0.211265	637.74
0.210381	638.122
0.211957	637.465
0.208968	638.64
0.212067	637.417
0.210599	638.034
0.21087	637.922
0.212272	637.336
0.223606	631.298
0.212253	637.347
0.210886	637.886
0.212276	637.33
0.211048	637.824
0.209894	638.303
0.210116	638.222
0.225	631.336
0.209729	638.351
0.209235	638.541
0.209279	638.52
0.209256	638.537
0.209443	638.467
0.20924	638.541
0.209678	638.381
0.212531	637.223
0.210327	638.149
0.209448	638.465
0.21227	637.325
0.211505	637.642
0.209696	638.377
0.209644	638.384
0.2099	638.303
0.210055	638.25
0.209783	638.346
0.209512	638.44
0.210472	638.058
0.211093	637.805
0.211257	637.74
0.211153	637.782
0.210943	637.867
0.210368	638.107
0.210181	638.186
0.211353	637.703
0.21071	637.961
0.210747	637.955
0.210568	638.024
0.210424	638.094
0.209981	638.261
0.211009	637.845
0.210594	638.021
0.210223	638.173
0.210981	637.866
0.210741	637.962
0.21068	637.998
0.210464	638.082
0.210845	637.928
0.211198	637.773
0.210923	637.9
0.210737	637.977
0.211093	637.828
0.211262	637.753
0.210234	638.172
0.211199	637.791
0.210506	638.069
0.211014	637.867
0.21136	637.719
0.21154	637.643
0.211335	637.715
0.210826	637.943
0.209472	638.441
0.211467	637.682
0.211276	637.76
0.211434	637.679
0.21162	637.611
0.211702	637.568
0.211804	637.533
0.211113	637.831
0.211724	637.575
0.211619	637.601
0.211542	637.651
0.211888	637.5
0.211964	637.458
0.211381	637.722
0.210035	638.243
0.212065	637.423
0.211992	637.462
0.211806	637.54
0.211883	637.492
0.21215	637.389
0.212232	637.346
0.21233	637.31
0.212251	637.351
0.212146	637.38
0.209932	638.279
0.209818	638.322
0.21164	637.613
0.210195	638.185
0.212072	637.427
0.212417	637.275
0.212493	637.233
0.209733	638.354
0.212409	637.268
0.209993	638.262
0.212038	637.42
0.211779	637.529
0.211231	637.753
0.211907	637.501
0.212593	637.196
0.212519	637.236
0.212336	637.314
0.211461	637.687
0.212174	637.387
0.211725	637.576
0.212681	637.16
0.211989	637.464
0.212436	637.273
0.212306	637.306
0.212761	637.118
0.212859	637.08
0.211198	637.796
0.212673	637.154
0.212603	637.199
0.212936	637.039
0.212573	637.192
0.21278	637.121
0.212838	637.077
0.212481	637.229
0.212221	637.341
0.207807	638.937
0.212948	637.044
0.213025	637.003
0.209912	638.292
0.211521	637.636
0.212253	637.35
0.210936	637.902
0.223144	631.586
0.211279	637.76
0.211546	637.65
0.213125	636.964
0.213045	637.003
0.212867	637.082
0.212747	637.115
0.212687	637.161
0.211812	637.538
0.211035	637.863
0.210671	638.009
0.211713	637.554
0.210412	638.105
0.211382	637.718
0.211116	637.826
0.210768	637.969
0.210853	637.933
0.211641	637.608
0.210591	638.036
0.210937	637.894
0.211214	637.784
0.210506	638.072
0.211462	637.678
0.211908	637.495
0.211726	637.566
0.210688	637.996
0.211296	637.743
0.211038	637.85
0.210201	638.187
0.210772	637.957
0.212517	637.235
0.210421	638.1
0.210326	638.139
0.210507	638.061
0.210243	638.162
0.210606	638.018
0.212063	637.408
0.212075	637.424
0.210856	637.917
0.210158	638.199
0.211438	637.668
0.210061	638.239
0.211562	637.633
0.21217	637.381
0.212482	637.243
0.212341	637.309
0.209691	638.369
0.211992	637.453
0.21112	637.81
0.212436	637.265
0.212954	637.044
0.213139	636.963
0.212259	637.338
0.212605	637.193
0.212783	637.118
0.2127	637.148
0.211385	637.702
0.211823	637.522
0.210959	637.873
0.211209	637.771
0.212871	637.075
0.211645	637.592
0.212522	637.222
0.21245	637.254
0.212089	637.409
0.213047	637.001
0.212959	637.032
0.212786	637.106
0.211475	637.662
0.213212	636.927
0.211956	637.453
0.211916	637.479
0.210338	638.121
0.212345	637.297
0.21216	637.373
0.211742	637.551
0.213136	636.958
0.211287	637.735
0.211986	637.446
0.211548	637.629
0.212404	637.262
0.213206	636.93
0.21261	637.182
0.213283	636.892
0.213368	636.849
0.213446	636.82
0.213227	636.913
0.21266	637.151
0.222902	631.715
0.222012	632.31
0.213052	636.989
0.21285	637.073
0.221743	632.498
0.212408	637.265
0.208122	638.816
0.210071	638.221
0.209978	638.26
0.209891	638.296
0.212647	637.156
0.209714	638.354
0.209787	638.334
0.213085	636.964
0.209627	638.388
0.209543	638.419
0.222902	631.711
0.213105	636.959
0.213202	636.922
0.213022	636.995
0.213293	636.886
0.213389	636.836
0.222012	632.301
0.221743	632.49
0.213473	636.802
0.213382	636.849
0.213307	636.871
0.211702	637.56
0.211879	637.484
0.212142	637.373
0.211616	637.594
0.212064	637.408
0.211795	637.519
0.212322	637.297
0.212925	637.035
0.211959	637.449
0.21321	636.911
0.212219	637.34
0.212565	637.189
0.211887	637.483
0.212485	637.226
0.212831	637.074
0.212748	637.112
0.213011	636.996
0.212664	637.15
0.212387	637.268
0.213094	636.958
0.212136	637.378
0.212917	637.037
0.212325	637.301
0.207345	639.023
0.212583	637.189
0.223132	631.56
0.212844	637.075
0.213177	636.92
0.213275	636.877
0.213378	636.833
0.213105	636.958
0.212506	637.226
0.212744	637.119
0.213474	636.791
0.212666	637.16
0.21302	636.999
0.212929	637.044
0.213285	636.88
0.213385	636.833
0.213193	636.926
0.223132	631.573
0.212847	637.086
0.223137	631.581
0.213093	636.972
0.212745	637.131
0.213011	637.014
0.21336	636.852
0.213442	636.81
0.213274	636.895
0.222901	631.703
0.213537	636.776
0.213165	636.947
0.212905	637.063
0.212674	637.161
0.213439	636.824
0.213623	636.732
0.213044	637.002
0.213316	636.882
0.21355	636.761
0.213706	636.699
0.213801	636.654
0.212501	637.244
0.212773	637.118
0.213588	636.738
0.213885	636.612
0.213966	636.577
0.21371	636.69
0.213558	636.751
0.222897	631.725
0.213793	636.647
0.214063	636.534
0.213633	636.718
0.213897	636.61
0.213973	636.57
0.214147	636.491
0.214232	636.454
0.214327	636.41
0.223371	631.456
0.214234	636.448
0.214052	636.527
0.221738	632.494
0.214412	636.368
0.214499	636.325
0.21432	636.404
0.214171	636.485
0.2139	636.598
0.214591	636.287
0.221738	632.494
0.214675	636.245
0.214504	636.328
0.214449	636.358
0.214131	636.519
0.21476	636.208
0.214839	636.168
0.21416	636.478
0.21476	636.202
0.213741	636.67
0.213985	636.555
0.214571	636.285
0.214425	636.355
0.213821	636.632
0.214253	636.433
0.214087	636.511
0.213641	636.714
0.213918	636.59
0.214916	636.127
0.21433	636.397
0.214185	636.471
0.213743	636.672
0.214518	636.312
0.214675	636.237
0.214839	636.161
0.214706	636.236
0.214774	636.193
0.214591	636.277
0.21502	636.081
0.214403	636.392
0.214941	636.114
0.215098	636.038
0.21501	636.077
0.214844	636.159
0.215196	635.992
0.215184	636.003
0.215261	635.962
0.215101	636.044
0.215362	635.92
0.215023	636.084
0.215285	635.959
0.214973	636.111
0.215365	635.912
0.214666	636.244
0.215197	635.997
0.214947	636.14
0.214404	636.364
0.214675	636.266
0.21548	635.854
0.215276	635.952
0.215108	636.035
0.21493	636.121
0.215445	635.878
0.214481	636.331
0.214749	636.208
0.215619	635.789
0.215209	635.989
0.215396	635.9
0.215515	635.838
0.208066	638.87
0.215507	635.842
0.2157	635.749
0.215699	635.748
0.215218	635.998
0.215545	635.835
0.215451	635.88
0.215622	635.794
0.215717	635.755
0.215808	635.709
0.215703	635.752
0.215612	635.807
0.215385	635.912
0.21579	635.71
0.215885	635.668
0.215956	635.635
0.215863	635.673
0.216039	635.592
0.21596	635.628
0.216143	635.543
0.21604	635.588
0.216218	635.502
0.215889	635.676
0.216305	635.463
0.216405	635.415
0.216298	635.462
0.216106	635.555
0.216219	635.508
0.215702	635.755
0.216477	635.381
0.216148	635.546
0.216482	635.372
0.216408	635.419
0.216034	635.586
0.21655	635.34
0.215762	635.737
0.21591	635.649
0.216661	635.289
0.216572	635.328
0.216363	635.428
0.216162	635.527
0.215943	635.633
0.216336	635.451
0.216452	635.382
0.216211	635.505
0.216745	635.244
0.213541	636.771
0.216549	635.35
0.21666	635.298
0.215012	636.084
0.216738	635.254
0.216817	635.21
0.214257	636.44
0.216996	635.127
0.216911	635.163
0.216887	635.181
0.217076	635.082
0.216771	635.244
0.216577	635.343
0.217155	635.049
0.217259	634.995
0.21549	635.864
0.217034	635.114
0.216981	635.125
0.21732	634.965
0.216849	635.196
0.217338	634.953
0.217416	634.915
0.217152	635.042
0.216825	635.203
0.215991	635.613
0.217121	635.06
0.217526	634.863
0.217596	634.826
0.217214	635.006
0.217547	634.852
0.217069	635.079
0.217684	634.782
0.217398	634.92
0.217858	634.696
0.217769	634.736
0.217592	634.824
0.225	632.021
0.225	632.275
0.225	631.801
0.225243	631.941
0.225	631.75
0.225	632.185
0.225253	631.996
0.225	631.893
0.225	632.293
0.225	631.89
0.225243	631.994
0.225	632.003
0.225	632.383
0.225	631.914
0.225244	631.961
0.215499	635.854
0.215759	635.726
0.213995	636.557
0.225	631.793
0.225	632.152
0.225	631.845
0.225245	631.9
0.225	632.266
0.225	632.417
0.225245	632.147
0.225	632.01
0.225	632.388
0.225	632.335
0.225245	632.119
0.225271	631.981
0.225245	631.918
0.217392	634.923
0.225	632.246
0.225	631.814
0.225244	631.962
0.225	631.668
0.225	632.092
0.225244	631.852
0.21554	635.832
0.225	632.587
0.225244	632.224
0.225	632.19
0.225244	631.966
0.215288	635.955
0.225272	631.976
0.217767	634.743
0.225	631.758
0.225	632.188
0.225	631.675
0.225	632.136
0.225244	631.784
0.225	632.209
0.225245	631.865
0.217657	634.791
0.217947	634.649
0.217434	634.901
0.225	632.131
0.225245	631.838
0.213477	636.791
0.217844	634.695
0.22552	631.725
0.22552	631.636
0.225551	631.686
0.225496	631.706
0.217664	634.796
0.218027	634.61
0.216636	635.293
0.218123	634.562
0.225494	631.77
0.217936	634.664
0.225521	631.765
0.218193	634.52
0.218292	634.475
0.225521	631.65
0.218208	634.526
0.225457	631.769
0.218376	634.43
0.225521	631.643
0.225521	631.791
0.218558	634.337
0.21802	634.607
0.218479	634.387
0.22552	631.679
0.225521	631.69
0.218643	634.291
0.225521	631.68
0.218456	634.385
0.225521	631.781
0.225521	631.73
0.218284	634.473
0.216913	635.157
0.217931	634.647
0.225522	631.673
0.218106	634.561
0.218806	634.203
0.217812	634.709
0.218544	634.337
0.225782	631.429
0.21872	634.246
0.21836	634.431
0.21732	634.956
0.218894	634.157
0.213497	636.801
0.218808	634.198
0.218624	634.287
0.225806	631.438
0.218184	634.519
0.218751	634.228
0.217569	634.834
0.225806	631.385
0.207823	638.902
0.21841	634.405
0.225806	631.374
0.225767	631.47
0.225806	631.42
0.225806	631.371
0.225807	631.45
0.225913	631.294
0.218031	634.592
0.218985	634.106
0.21823	634.492
0.22576	631.429
0.225807	631.385
0.218632	634.286
0.225807	631.448
0.225713	631.492
0.218862	634.161
0.225788	631.414
0.225807	631.434
0.225807	631.409
0.217179	635.025
0.216723	635.244
0.225575	631.66
0.217021	635.103
0.217439	634.896
0.225574	631.644
0.225898	631.304
0.226083	631.119
0.226045	631.154
0.217286	634.969
0.226225	630.964
0.22642	630.805
0.226247	630.962
0.217696	634.767
0.217554	634.836
0.226054	631.113
0.214322	636.41
0.21715	635.04
0.214586	636.289
0.216875	635.177
0.217418	634.906
0.226063	631.152
0.226073	631.108
0.216643	635.29
0.217002	635.115
0.226073	631.151
0.226063	631.111
0.217277	634.979
0.226073	631.109
0.226044	631.137
0.217683	634.773
0.226552	630.681
0.226738	630.558
0.226567	630.683
0.226073	631.135
0.216713	635.257
0.217823	634.702
0.226092	631.141
0.217531	634.849
0.225897	631.281
0.226093	631.107
0.21794	634.641
0.226051	631.177
0.217936	634.643
0.226093	631.123
0.217801	634.714
0.217123	635.058
0.217391	634.923
0.218112	634.553
0.216889	635.172
0.21766	634.788
0.226377	630.836
0.217239	634.999
0.217517	634.86
0.218053	634.584
0.21793	634.65
0.226359	630.856
0.217787	634.727
0.218159	634.53
0.216937	635.155
0.217415	634.914
0.226372	630.856
0.217115	635.064
0.226367	630.87
0.226286	630.899
0.226339	630.892
0.226318	630.866
0.226318	630.901
0.226367	630.85
0.226301	630.902
0.214063	636.528
0.213825	636.638
0.226879	630.455
0.227059	630.36
0.226891	630.458
0.214155	636.49
0.226339	630.86
0.21442	636.369
0.207242	639.065
0.207296	639.062
0.207066	639.117
0.226735	630.56
0.213906	636.604
0.210176	638.177
0.226621	630.64
0.226644	630.63
0.209809	638.317
0.226582	630.66
0.213996	636.566
0.21367	636.714
0.214828	636.172
0.213577	636.751
0.214671	636.251
0.21425	636.449
0.226621	630.657
0.226665	630.611
0.226649	630.627
0.213731	636.685
0.227206	630.278
0.227383	630.202
0.227217	630.279
0.215798	635.708
0.216021	635.601
0.213319	636.882
0.227059	630.361
0.226596	630.677
0.226596	630.65
0.226847	630.48
0.227533	630.137
0.227708	630.077
0.227543	630.137
0.210692	637.978
0.214499	636.332
0.226572	630.687
0.226546	630.692
0.227385	630.198
0.226713	630.574
0.213836	636.644
0.213387	636.849
0.226457	630.733
0.226224	630.923
0.214075	636.53
0.226891	630.476
0.214337	636.409
0.226886	630.466
0.226834	630.501
0.214756	636.213
0.226886	630.458
0.213653	636.726
0.214596	636.29
0.214184	636.484
0.226892	630.457
0.213917	636.605
0.210427	638.081
0.226823	630.503
0.214441	636.362
0.207863	638.889
0.213765	636.676
0.226951	630.427
0.214012	636.561
0.227142	630.331
0.214307	636.423
0.227162	630.318
0.227194	630.281
0.21494	636.127
0.214686	636.249
0.227115	630.34
0.21455	636.312
0.227199	630.296
0.227428	630.204
0.21483	636.177
0.227414	630.206
0.227068	630.345
0.214931	636.134
0.215012	636.092
0.226779	630.509
0.215096	636.047
0.215103	636.05
0.21518	636.01
0.214752	636.217
0.226719	630.522
0.226954	630.428
0.22786	630.022
0.228034	629.971
0.22787	630.024
0.21527	635.97
0.22736	630.211
0.215196	636.01
0.227408	630.206
0.215351	635.931
0.227003	630.358
0.214565	636.304
0.214351	636.405
0.214997	636.1
0.215445	635.889
0.21623	635.497
0.215252	635.979
0.21645	635.387
0.227325	630.199
0.227685	630.1
0.214817	636.187
0.227639	630.123
0.215076	636.064
0.207553	638.97
0.226551	630.633
0.214611	636.281
0.227204	630.282
0.214888	636.152
0.215506	635.856
0.225	631.742
0.225	631.53
0.225	631.355
0.225	631.195
0.227568	630.116
0.225	631.68
0.225	631.861
0.215326	635.944
0.225	632.252
0.227712	630.072
0.227206	630.25
0.215607	635.811
0.226879	630.421
0.22714	630.318
0.225	631.864
0.225	631.522
0.225	631.5
0.225	631.771
0.225	631.946
0.225	632.589
0.215419	635.894
0.227544	630.127
0.225	632.54
0.225	632.613
0.225	632.438
0.225	632.498
0.215513	635.854
0.225	631.607
0.225	632.378
0.225	632.177
0.225	632.655
0.227382	630.201
0.21567	635.777
0.215127	636.035
0.215698	635.762
0.215343	635.928
0.227244	630.269
0.227273	630.256
0.219073	634.055
0.215713	635.763
0.226973	630.412
0.225	632.605
0.225	632.664
0.225	632.758
0.227688	630.106
0.21664	635.302
0.216683	635.278
0.225	632.741
0.227413	630.178
0.225	632.519
0.215605	635.805
0.228188	629.921
0.228361	629.875
0.228197	629.926
0.215588	635.818
0.214122	636.511
0.215384	635.912
0.225	632.034
0.225	632.291
0.225	632.297
0.225	632.508
0.211026	637.84
0.225	632.036
0.225	632.026
0.216817	635.22
0.228039	629.968
0.219039	634.081
0.225	632.559
0.225	632.597
0.225	632.641
0.225	632.653
0.215861	635.684
0.227911	630.037
0.225	632.453
0.225	631.66
0.225	631.747
0.225	632.534
0.228515	629.825
0.228687	629.781
0.228524	629.834
0.21587	635.682
0.217647	634.799
0.215911	635.658
0.225	631.385
0.227873	630.014
0.228842	629.729
0.229014	629.685
0.228851	629.741
0.225	632.552
0.215775	635.727
0.225	632.522
0.225	632.323
0.225	632.268
0.225	632.059
0.225	632.391
0.225	632.477
0.216033	635.593
0.228367	629.876
0.214941	636.122
0.225	632.524
0.216096	635.567
0.214685	636.246
0.216187	635.524
0.229169	629.63
0.229341	629.583
0.229178	629.644
0.225	632.007
0.216079	635.578
0.228695	629.786
0.215201	635.999
0.225	632.615
0.225	632.688
0.225	632.244
0.225	631.443
0.225	631.312
0.215958	635.64
0.225	632.403
0.225	632.203
0.229496	629.525
0.229668	629.476
0.229505	629.54
0.214409	636.376
0.216237	635.497
0.225	631.662
0.216374	635.433
0.229022	629.693
0.229823	629.416
0.229995	629.365
0.229832	629.432
0.225	632.525
0.237673	626.887
0.23756	626.92
0.238	627.496
0.237741	626.882
0.225	632.444
0.225	632.453
0.225	632.528
0.216139	635.55
0.22935	629.593
0.225	632.484
0.225	632.319
0.225	631.375
0.23015	629.304
0.230322	629.252
0.230159	629.32
0.225	631.952
0.225	632.159
0.229677	629.488
0.225	632.627
0.230477	629.19
0.23065	629.136
0.230486	629.205
0.214742	636.215
0.230004	629.379
0.216241	635.493
0.225	632.39
0.215011	636.087
0.225	632.156
0.225	632.4
0.225	632.215
0.225	632.412
0.230804	629.074
0.230977	629.019
0.230813	629.089
0.227696	630.058
0.227533	630.109
0.225	632.394
0.215454	635.876
0.230331	629.266
0.231131	628.957
0.231304	628.901
0.23114	628.97
0.215645	635.785
0.215256	635.967
0.225	632.302
0.230658	629.15
0.225	632.049
0.225	631.917
0.225	632.209
0.225	631.89
0.225	631.633
0.225	631.731
0.225	631.426
0.231458	628.839
0.231631	628.783
0.231467	628.852
0.213899	636.615
0.225	632.08
0.215845	635.692
0.214473	636.343
0.225	631.658
0.215715	635.75
0.230986	629.033
0.215514	635.842
0.225	632.038
0.225	632.004
0.225	632.686
0.231785	628.721
0.231958	628.664
0.231794	628.733
0.225	632.463
0.225	632.49
0.215067	636.059
0.231313	628.914
0.214812	636.177
0.232113	628.603
0.232285	628.546
0.232121	628.614
0.225	632.318
0.23164	628.795
0.211811	637.519
0.225	632.273
0.225	632.666
0.225	631.671
0.23244	628.485
0.232612	628.428
0.232448	628.495
0.21641	635.413
0.231967	628.677
0.216458	635.386
0.216454	635.394
0.225	632.02
0.225	632.117
0.237077	627.036
0.237205	627
0.236882	627.08
0.237019	627.044
0.23611	627.291
0.236225	627.253
0.235906	627.343
0.236038	627.303
0.215906	635.659
0.225	631.451
0.225	632.267
0.225	631.821
0.225	631.534
0.232767	628.368
0.232939	628.312
0.232763	628.38
0.225	631.786
0.215327	635.935
0.216035	635.601
0.225	632.474
0.225	632.491
0.225	632.197
0.225	632.671
0.225	631.579
0.225	631.587
0.233421	628.139
0.233257	628.202
0.233586	628.084
0.233375	628.173
0.214513	636.321
0.225	631.425
0.225	631.842
0.233094	628.253
0.233069	628.275
0.237546	626.951
0.237672	626.921
0.238	627.581
0.237704	626.902
0.216571	635.335
0.225	631.437
0.228023	629.957
0.227851	630.024
0.22786	629.998
0.216225	635.51
0.225	631.295
0.225	631.583
0.225	632.152
0.228841	629.72
0.229005	629.682
0.228677	629.776
0.228835	629.75
0.225	631.749
0.229822	629.415
0.229986	629.369
0.229659	629.477
0.229822	629.441
0.214883	636.143
0.215775	635.715
0.215056	636.062
0.225	631.568
0.225	632.564
0.23064	629.142
0.230804	629.078
0.230967	629.026
0.23081	629.097
0.225	631.791
0.225	631.576
0.215583	635.811
0.225	631.913
0.225	632.089
0.231793	628.74
0.231621	628.792
0.231948	628.674
0.231785	628.729
0.237346	626.965
0.237412	626.955
0.225	632.732
0.216102	635.566
0.215962	635.625
0.225	632.652
0.225	632.481
0.23676	627.116
0.23656	627.164
0.236692	627.127
0.225	631.952
0.236428	627.203
0.236365	627.213
0.232775	628.384
0.232602	628.44
0.23293	628.324
0.232766	628.38
0.225	632.63
0.225	632.521
0.225	631.653
0.235787	627.383
0.235586	627.437
0.23571	627.397
0.235383	627.493
0.235261	627.534
0.235481	627.474
0.23516	627.572
0.234938	627.634
0.235056	627.593
0.225	632.558
0.225	632.529
0.233756	628.039
0.233584	628.096
0.233911	627.985
0.233747	628.041
0.225	632.797
0.228202	629.918
0.234196	627.874
0.23428	627.849
0.234566	627.755
0.234402	627.808
0.225	631.987
0.227696	630.073
0.233879	627.976
0.234037	627.93
0.234075	627.915
0.225	631.86
0.233748	628.024
0.23377	628.022
0.225	632.249
0.234737	627.712
0.234565	627.77
0.234892	627.666
0.234729	627.72
0.225	631.575
0.225	632.542
0.216162	635.532
0.235719	627.412
0.235546	627.468
0.235873	627.374
0.23571	627.424
0.216295	635.473
0.21636	635.439
0.22835	629.866
0.228179	629.93
0.228187	629.903
0.2367	627.142
0.236527	627.195
0.236855	627.111
0.236691	627.157
0.225	631.341
0.228507	629.841
0.228514	629.812
0.219171	634.008
0.225	632.36
0.232283	628.56
0.229168	629.624
0.229332	629.582
0.229163	629.653
0.21642	635.404
0.229495	629.521
0.229493	629.55
0.225	632.669
0.216559	635.343
0.216235	635.492
0.230149	629.305
0.230313	629.257
0.230152	629.329
0.230476	629.193
0.230481	629.214
0.216487	635.377
0.231138	628.979
0.231294	628.91
0.231131	628.962
0.225	632.006
0.225	631.662
0.231466	628.86
0.231458	628.846
0.225	632.153
0.225	631.832
0.23212	628.621
0.232275	628.556
0.232112	628.612
0.225	631.469
0.225	631.941
0.225	631.777
0.232448	628.502
0.232439	628.495
0.23484	627.673
0.234729	627.698
0.233102	628.267
0.233257	628.209
0.233093	628.265
0.233429	628.152
0.23342	628.152
0.234083	627.927
0.234238	627.876
0.234074	627.931
0.23441	627.819
0.234401	627.824
0.223135	631.562
0.232984	628.312
0.225	632.11
0.235065	627.609
0.235219	627.566
0.235056	627.618
0.235392	627.509
0.235383	627.519
0.223134	631.566
0.222905	631.705
0.236046	627.319
0.2362	627.283
0.236037	627.332
0.225	632.522
0.236373	627.228
0.236364	627.243
0.225	632.19
0.225	632.437
0.225	631.952
0.225	632.111
0.237027	627.06
0.237182	627.032
0.237018	627.076
0.222901	631.71
0.237354	626.981
0.237345	626.998
0.222902	631.704
0.225	632.608
0.225	632.656
0.222669	631.861
0.222667	631.867
0.225	632.66
0.222668	631.858
0.218219	634.502
0.232639	628.434
0.233226	628.223
0.222435	632.017
0.222669	631.855
0.225	632.394
0.222438	632.02
0.222436	632.013
0.225	631.354
0.232864	628.35
0.222434	632.026
0.232492	628.481
0.225	632.187
0.225	632.08
0.222202	632.176
0.225	632.437
0.225	632.288
0.222208	632.17
0.225	632.062
0.222201	632.181
0.225	631.936
0.225	631.69
0.225	631.569
0.22853	629.828
0.225	632.754
0.225	632.661
0.225	632.745
0.225	632.766
0.221968	632.335
0.228025	629.97
0.222205	632.183
0.228858	629.736
0.225	632.672
0.225	631.829
0.227508	630.166
0.229186	629.639
0.225	632.563
0.225	631.813
0.223135	631.569
0.229013	629.689
0.229513	629.536
0.227529	630.14
0.223134	631.567
0.222905	631.713
0.229341	629.588
0.229841	629.428
0.222901	631.712
0.225	631.39
0.222902	631.718
0.229668	629.481
0.230168	629.317
0.225	632.798
0.222669	631.865
0.222667	631.864
0.229995	629.37
0.230495	629.203
0.232119	628.613
0.222668	631.868
0.230322	629.256
0.230822	629.086
0.222435	632.023
0.222669	631.872
0.230649	629.14
0.222438	632.02
0.231149	628.968
0.225	632.184
0.221971	632.33
0.221969	632.339
0.230976	629.022
0.222436	632.026
0.231476	628.849
0.228355	629.876
0.222201	632.17
0.228684	629.785
0.222434	632.021
0.225	632.519
0.231302	628.903
0.222202	632.179
0.231803	628.731
0.225	631.475
0.222208	632.179
0.225	631.963
0.222201	632.178
0.23163	628.783
0.231958	628.661
0.221968	632.337
0.222204	632.177
0.232332	628.528
0.225	632.348
0.213616	636.748
0.231827	628.711
0.222434	632.012
0.23219	628.579
0.225	631.422
0.232724	628.39
0.221736	632.484
0.231464	628.843
0.22176	632.479
0.221739	632.482
0.221971	632.335
0.225	632.645
0.22197	632.327
0.221969	632.337
0.231139	628.963
0.221709	632.514
0.222201	632.185
0.221587	632.586
0.221967	632.342
0.238	627.445
0.231305	628.914
0.230812	629.082
0.230486	629.199
0.230975	629.034
0.221713	632.502
0.221692	632.515
0.222434	632.031
0.222902	631.728
0.230159	629.315
0.221739	632.488
0.225	632.329
0.218109	634.562
0.225	632.109
0.22197	632.337
0.230646	629.153
0.221706	632.509
0.229832	629.429
0.22141	632.698
0.221967	632.338
0.230317	629.269
0.217883	634.684
0.229505	629.539
0.221492	632.644
0.229989	629.384
0.225	632.379
0.231674	628.78
0.225	632.612
0.229177	629.644
0.221966	632.327
0.225	631.869
0.216436	635.406
0.225	632.592
0.229661	629.496
0.222199	632.17
0.228848	629.743
0.2215	632.644
0.229333	629.603
0.221953	632.348
0.221733	632.482
0.222201	632.189
0.225	631.353
0.230809	629.11
0.221748	632.487
0.231132	628.993
0.230481	629.227
0.231471	628.874
0.230152	629.341
0.229006	629.705
0.225	632.507
0.229824	629.453
0.21292	637.04
0.22852	629.837
0.230011	629.397
0.213297	636.877
0.229497	629.562
0.225	632.297
0.229171	629.665
0.221507	632.647
0.221505	632.645
0.228691	629.798
0.229678	629.511
0.22174	632.476
0.228841	629.762
0.221509	632.651
0.225	632.631
0.221502	632.646
0.229335	629.62
0.221274	632.794
0.229005	629.72
0.221275	632.797
0.221713	632.503
0.229524	629.56
0.221469	632.67
0.229171	629.67
0.213529	636.78
0.228669	629.814
0.238	627.568
0.22174	632.468
0.232047	628.639
0.227559	630.138
0.225	631.834
0.230321	629.29
0.221507	632.643
0.225	631.478
0.225	631.603
0.221505	632.645
0.227847	630.044
0.22757	630.132
0.221509	632.645
0.206891	639.136
0.221502	632.646
0.227853	630.036
0.221274	632.792
0.229886	629.431
0.221275	632.792
0.221738	632.496
0.22806	629.99
0.227705	630.083
0.221469	632.661
0.222666	631.855
0.228088	629.97
0.209894	638.278
0.229989	629.395
0.229661	629.507
0.209279	638.506
0.209028	638.59
0.230319	629.281
0.230646	629.165
0.230975	629.046
0.231303	628.927
0.231131	628.988
0.23163	628.807
0.231458	628.868
0.221256	632.813
0.231957	628.686
0.22127	632.792
0.231785	628.748
0.232284	628.566
0.232112	628.628
0.232611	628.447
0.225	632.481
0.232439	628.508
0.221466	632.663
0.232938	628.328
0.232766	628.389
0.233266	628.211
0.209541	638.409
0.209449	638.445
0.233093	628.271
0.221256	632.805
0.238	627.562
0.23773	626.885
0.238	627.413
0.233593	628.096
0.22127	632.793
0.209362	638.477
0.209629	638.373
0.209283	638.497
0.23342	628.154
0.23392	627.982
0.209362	638.463
0.209726	638.334
0.233748	628.04
0.209192	638.531
0.209999	638.236
0.234247	627.871
0.221505	632.647
0.234075	627.927
0.234574	627.763
0.221042	632.941
0.234402	627.818
0.22104	632.94
0.234901	627.657
0.222668	631.877
0.221048	632.937
0.23473	627.71
0.221038	632.938
0.235228	627.555
0.220808	633.08
0.235057	627.606
0.220805	633.081
0.235555	627.456
0.221037	632.937
0.221267	632.797
0.235385	627.505
0.235882	627.36
0.235714	627.408
0.236209	627.265
0.221042	632.934
0.22104	632.936
0.236065	627.307
0.221048	632.929
0.236536	627.176
0.221038	632.937
0.220808	633.075
0.220841	633.06
0.236863	627.092
0.23639	627.213
0.220804	633.078
0.220805	633.078
0.221037	632.938
0.23719	627.011
0.221267	632.794
0.2367	627.13
0.221197	632.857
0.237518	626.934
0.237027	627.05
0.237805	626.873
0.237354	626.969
0.221006	632.954
0.220573	633.221
0.221205	632.826
0.220571	633.219
0.223382	631.426
0.220567	633.23
0.236871	627.095
0.223157	631.554
0.23661	627.163
0.220568	633.218
0.220339	633.356
0.230804	629.107
0.236289	627.253
0.237707	626.89
0.220841	633.053
0.23719	627.02
0.22034	633.36
0.220804	633.079
0.236869	627.111
0.220653	633.166
0.220803	633.08
0.220925	633.007
0.221197	632.848
0.210268	638.137
0.237583	626.926
0.238	627.378
0.220768	633.097
0.235903	627.363
0.221031	632.939
0.221275	632.787
0.220573	633.217
0.220571	633.218
0.235549	627.464
0.220567	633.223
0.23522	627.562
0.220568	633.219
0.234893	627.664
0.220339	633.353
0.22034	633.355
0.235064	627.625
0.234565	627.769
0.220653	633.158
0.220803	633.08
0.237718	626.878
0.238	627.436
0.220925	632.999
0.237637	626.906
0.233577	628.095
0.234737	627.727
0.234238	627.877
0.234564	627.76
0.23441	627.833
0.233911	627.987
0.220797	633.083
0.234083	627.941
0.233584	628.1
0.233756	628.053
0.233257	628.215
0.231945	628.699
0.231702	628.791
0.233429	628.165
0.23293	628.331
0.210516	638.041
0.210779	637.939
0.232603	628.45
0.232276	628.569
0.205435	639.436
0.231949	628.689
0.210622	638
0.231622	628.808
0.210859	637.904
0.222899	631.703
0.211101	637.807
0.231295	628.928
0.230969	629.049
0.21035	638.101
0.211368	637.701
0.210952	637.869
0.238	627.556
0.237828	626.909
0.238	627.728
0.210686	637.97
0.231484	628.866
0.233102	628.28
0.237703	626.92
0.238	627.564
0.231789	628.754
0.237727	626.923
0.238	627.574
0.210427	638.068
0.230493	629.222
0.230639	629.168
0.232118	628.635
0.23113	628.996
0.211204	637.769
0.237615	626.914
0.21017	638.163
0.210498	638.037
0.210766	637.938
0.232446	628.515
0.210099	638.196
0.210271	638.127
0.237771	626.898
0.238	627.401
0.232774	628.397
0.210341	638.095
0.210003	638.222
0.23076	629.129
0.235391	627.526
0.209909	638.259
0.231664	628.808
0.231381	628.912
0.209819	638.295
0.210607	637.998
0.230851	629.101
0.210081	638.19
0.231955	628.702
0.209743	638.317
0.211016	637.841
0.230434	629.245
0.232284	628.584
0.209821	638.283
0.210156	638.158
0.228028	629.989
0.210442	638.057
0.232611	628.466
0.210829	637.909
0.209921	638.248
0.232439	628.527
0.232939	628.349
0.209641	638.354
0.210674	637.968
0.210258	638.122
0.232766	628.41
0.233266	628.233
0.209995	638.217
0.209654	638.341
0.233093	628.294
0.209559	638.377
0.233593	628.12
0.233421	628.179
0.23392	628.009
0.211471	637.662
0.210521	638.026
0.211281	637.737
0.234247	627.899
0.21109	637.809
0.234573	627.793
0.21094	637.869
0.2349	627.689
0.210763	637.934
0.209733	638.31
0.235227	627.589
0.210331	638.091
0.210596	637.994
0.211009	637.837
0.234736	627.742
0.233749	628.066
0.235734	627.429
0.211193	637.77
0.235554	627.492
0.235066	627.638
0.234407	627.848
0.211357	637.704
0.210846	637.899
0.21009	638.181
0.234077	627.956
0.211461	637.664
0.232112	628.646
0.211277	637.734
0.23537	627.544
0.209472	638.4
0.234569	627.781
0.211629	637.594
0.234897	627.675
0.209812	638.279
0.235217	627.577
0.21111	637.797
0.23424	627.887
0.211547	637.629
0.23568	627.452
0.21164	637.593
0.210689	637.955
0.233913	627.997
0.210944	637.858
0.233584	628.108
0.233257	628.222
0.233428	628.143
0.23293	628.338
0.211359	637.698
0.211203	637.758
0.210429	638.052
0.21154	637.63
0.211729	637.556
0.210191	638.143
0.232604	628.456
0.237578	626.911
0.209924	638.24
0.211693	637.567
0.232278	628.576
0.231833	628.751
0.210791	637.912
0.2331	628.259
0.232416	628.507
0.210552	638.005
0.232771	628.378
0.233756	628.03
0.2103	638.096
0.23256	628.444
0.210019	638.199
0.211031	637.819
0.209755	638.296
0.232936	628.31
0.210182	638.135
0.210424	638.047
0.233266	628.191
0.210637	637.967
0.233592	628.076
0.210879	637.874
0.211282	637.72
0.23343	628.14
0.211112	637.782
0.233922	627.963
0.234066	627.923
0.210709	637.933
0.2331	628.259
0.233759	628.024
0.210944	637.842
0.210459	638.03
0.210496	638.012
0.211614	637.596
0.234096	627.911
0.210786	637.9
0.211161	637.755
0.211777	637.532
0.234248	627.855
0.210245	638.107
0.211448	637.659
0.211013	637.81
0.234394	627.816
0.210599	637.964
0.233917	627.977
0.211363	637.685
0.234377	627.813
0.234716	627.711
0.211535	637.62
0.234548	627.755
0.214301	636.424
0.214213	636.466
0.214106	636.518
0.235516	627.484
0.211694	637.558
0.214657	636.25
0.211609	637.586
0.235032	627.612
0.234239	627.87
0.211403	637.663
0.234865	627.654
0.234703	627.708
0.234565	627.764
0.211768	637.524
0.211865	637.493
0.229327	629.618
0.228513	629.852
0.234418	627.814
0.212021	637.43
0.23489	627.661
0.234108	627.915
0.211938	637.458
0.235019	627.608
0.234738	627.712
0.212105	637.392
0.212008	637.424
0.211938	637.466
0.211827	637.494
0.235017	627.619
0.235179	627.568
0.235173	627.556
0.212179	637.356
0.212197	637.359
0.212278	637.322
0.228845	629.768
0.230203	629.326
0.211222	637.731
0.21236	637.284
0.21165	637.564
0.212442	637.246
0.236564	627.189
0.212246	637.322
0.209859	638.254
0.212067	637.393
0.237193	627.037
0.235344	627.509
0.211886	637.465
0.237476	626.968
0.21087	637.862
0.211414	637.656
0.211686	637.536
0.212621	637.173
0.212139	637.36
0.21253	637.214
0.212315	637.29
0.235357	627.512
0.2121	637.398
0.212494	637.215
0.235498	627.458
0.211867	637.497
0.212704	637.133
0.235659	627.42
0.212777	637.105
0.235647	627.418
0.21287	637.063
0.235825	627.363
0.212769	637.097
0.235492	627.473
0.228222	629.933
0.228037	629.979
0.212455	637.25
0.235966	627.325
0.212712	637.14
0.235808	627.381
0.235343	627.521
0.212576	637.178
0.228204	629.944
0.212367	637.287
0.235655	627.427
0.211142	637.763
0.235868	627.404
0.212614	637.179
0.212285	637.321
0.236142	627.275
0.212958	637.022
0.23596	627.338
0.235959	627.334
0.209658	638.334
0.21255	637.209
0.236122	627.29
0.212881	637.064
0.212972	637.026
0.213041	636.991
0.236293	627.246
0.236276	627.238
0.209464	638.412
0.21323	636.912
0.213134	636.949
0.236428	627.204
0.236412	627.196
0.236264	627.25
0.213298	636.876
0.213194	636.914
0.213139	636.95
0.21302	636.985
0.236604	627.152
0.2366	627.161
0.209393	638.432
0.212358	637.27
0.213386	636.836
0.213405	636.833
0.211896	637.484
0.21349	636.795
0.236753	627.119
0.213562	636.759
0.236093	627.322
0.212042	637.424
0.21365	636.718
0.2358	627.4
0.212875	637.045
0.236936	627.077
0.213454	636.8
0.236932	627.067
0.209568	638.368
0.212809	637.097
0.236752	627.109
0.21375	636.679
0.213282	636.872
0.236591	627.164
0.236421	627.231
0.213149	636.927
0.21359	636.757
0.213068	636.984
0.235931	627.382
0.212773	637.096
0.236194	627.31
0.237077	627.037
0.213044	636.977
0.236719	627.151
0.213371	636.833
0.236907	627.084
0.213538	636.762
0.230312	629.283
0.230527	629.216
0.210255	638.101
0.237066	627.029
0.213329	636.868
0.209963	638.211
0.237249	626.989
0.237265	626.995
0.21274	637.126
0.212453	637.246
0.21382	636.642
0.213663	636.717
0.212221	637.349
0.236564	627.208
0.212974	637.019
0.212639	637.164
0.237236	627.003
0.237047	627.072
0.212904	637.049
0.213717	636.682
0.21324	636.904
0.236892	627.125
0.237404	626.957
0.236387	627.247
0.236731	627.163
0.213928	636.597
0.237411	626.948
0.214011	636.559
0.237212	627.048
0.21181	637.522
0.213906	636.602
0.213164	636.935
0.213499	636.787
0.209591	638.351
0.212379	637.276
0.209488	638.39
0.236069	627.335
0.213316	636.862
0.211972	637.452
0.237375	626.993
0.213594	636.75
0.213424	636.82
0.231129	629.005
0.213091	636.965
0.212811	637.085
0.211957	637.428
0.213333	636.854
0.237028	627.086
0.213856	636.632
0.213265	636.885
0.213599	636.737
0.214084	636.522
0.213686	636.702
0.213801	636.643
0.213766	636.668
0.213588	636.742
0.212561	637.197
0.213001	637.003
0.212141	637.38
0.237541	626.969
0.237356	627.009
0.213978	636.564
0.214271	636.44
0.212501	637.214
0.21417	636.481
0.201087	640.304
0.208322	638.798
0.208527	638.741
0.209385	638.428
0.212056	637.414
0.214187	636.478
0.209454	638.427
0.214344	636.402
0.21424	636.446
0.214054	636.528
0.214447	636.358
0.214533	636.318
0.228998	629.719
0.214428	636.362
0.209293	638.466
0.22867	629.813
0.213525	636.769
0.228342	629.899
0.209301	638.458
0.213859	636.62
0.228509	629.86
0.209209	638.489
0.228256	629.932
0.209126	638.518
0.214608	636.279
0.212308	637.306
0.208946	638.573
0.20938	638.444
0.209048	638.547
0.209215	638.496
0.22819	629.929
0.212742	637.118
0.228362	629.888
0.21386	636.605
0.214117	636.512
0.212229	637.319
0.228798	629.783
0.227861	630.027
0.214794	636.195
0.214691	636.236
0.230637	629.178
0.214502	636.325
0.214278	636.428
0.213949	636.584
0.228563	629.846
0.228371	629.897
0.230174	629.334
0.20762	638.981
0.212234	637.339
0.208111	638.816
0.212488	637.229
0.230164	629.336
0.20799	638.849
0.229841	629.447
0.230034	629.382
0.213786	636.652
0.229468	629.576
0.229697	629.498
0.213168	636.927
0.210327	638.067
0.228517	629.86
0.228373	629.9
0.209696	638.309
0.213452	636.803
0.229378	629.609
0.213349	636.847
0.213696	636.689
0.209109	638.56
0.229122	629.687
0.228884	629.755
0.213623	636.725
0.213961	636.57
0.214034	636.537
0.207286	639.051
0.213885	636.606
0.213542	636.765
0.228687	629.812
0.214146	636.486
0.213809	636.644
0.22903	629.714
0.229176	629.668
0.214222	636.45
0.214058	636.526
0.207253	639.048
0.214374	636.392
0.213456	636.806
0.213976	636.567
0.214325	636.403
0.207014	639.107
0.214408	636.363
0.214711	636.235
0.213696	636.694
0.214869	636.156
0.223134	631.575
0.209042	638.544
0.214243	636.441
0.214799	636.181
0.21362	636.735
0.213882	636.614
0.214184	636.47
0.213799	636.659
0.214033	636.543
0.214675	636.244
0.213683	636.712
0.214124	636.5
0.230965	629.062
0.223137	631.589
0.231278	628.951
0.21395	636.591
0.231555	628.849
0.214415	636.362
0.214484	636.328
0.2143	636.415
0.209562	638.388
0.213809	636.658
0.214499	636.322
0.218955	634.125
0.214131	636.486
0.214403	636.371
0.214594	636.276
0.222436	632.034
0.214975	636.111
0.210047	638.178
0.215056	636.071
0.208864	638.6
0.214951	636.112
0.214892	636.15
0.214626	636.274
0.215132	636.031
0.215236	635.986
0.215318	635.946
0.215214	635.989
0.223141	631.587
0.21506	636.057
0.214304	636.425
0.215161	636.024
0.214947	636.115
0.215394	635.906
0.2155	635.86
0.21558	635.819
0.21529	635.951
0.215423	635.899
0.214023	636.551
0.215475	635.869
0.214213	636.462
0.214389	636.377
0.209348	638.434
0.215657	635.78
0.215761	635.733
0.215218	635.99
0.214478	636.339
0.215685	635.773
0.209121	638.519
0.215842	635.692
0.215711	635.75
0.21549	635.859
0.215919	635.654
0.216025	635.605
0.216105	635.564
0.215948	635.645
0.21661	635.313
0.215965	635.625
0.216178	635.527
0.216287	635.476
0.215762	635.714
0.223143	631.564
0.216367	635.435
0.216231	635.497
0.208775	638.627
0.209187	638.493
0.208683	638.653
0.21467	636.241
0.208601	638.678
0.20878	638.628
0.208838	638.607
0.208505	638.706
0.20858	638.683
0.208869	638.596
0.209386	638.417
0.208949	638.579
0.219201	633.989
0.209114	638.531
0.215328	635.942
0.214565	636.303
0.209282	638.481
0.208849	638.613
0.21621	635.516
0.21507	636.064
0.208682	638.659
0.209019	638.565
0.216431	635.403
0.208582	638.69
0.215854	635.69
0.208753	638.646
0.209187	638.516
0.214566	636.292
0.20892	638.601
0.214655	636.254
0.215591	635.817
0.2091	638.55
0.208513	638.704
0.216034	635.584
0.208415	638.734
0.208419	638.73
0.208671	638.678
0.21655	635.346
0.21663	635.306
0.220303	633.382
0.220336	633.355
0.220382	633.332
0.216473	635.387
0.208513	638.718
0.20834	638.753
0.216129	635.558
0.216695	635.273
0.216813	635.215
0.216448	635.392
0.220563	633.219
0.216735	635.256
0.216392	635.43
0.220303	633.374
0.220336	633.356
0.220382	633.323
0.209533	638.363
0.220565	633.22
0.2098	638.268
0.216893	635.173
0.216656	635.299
0.214743	636.216
0.20825	638.778
0.208352	638.759
0.216275	635.481
0.216919	635.167
0.216998	635.125
0.21682	635.216
0.21654	635.351
0.216016	635.607
0.217076	635.083
0.208835	638.634
0.217181	635.036
0.21726	634.993
0.217156	635.042
0.216972	635.127
0.208243	638.782
0.216849	635.193
0.20817	638.804
0.208069	638.833
0.208328	638.759
0.208091	638.831
0.208248	638.791
0.208405	638.753
0.208569	638.713
0.207811	638.904
0.208173	638.819
0.207991	638.86
0.218329	634.44
0.20902	638.583
0.208758	638.664
0.208341	638.781
0.221526	632.629
0.207742	638.927
0.207906	638.889
0.208496	638.741
0.218415	634.399
0.208077	638.851
0.208654	638.661
0.20823	638.815
0.218855	634.168
0.20868	638.693
0.208393	638.773
0.207969	638.885
0.208141	638.845
0.207808	638.92
0.207713	638.952
0.207876	638.915
0.208925	638.615
0.208592	638.72
0.208847	638.643
0.207493	638.989
0.20766	638.953
0.221427	632.685
0.208765	638.669
0.207556	638.985
0.207418	639.028
0.214823	636.182
0.207349	639.037
0.207417	639.013
0.207175	639.072
0.217083	635.084
0.217338	634.951
0.217217	635.01
0.208411	638.734
0.208141	638.815
0.207919	638.878
0.207972	638.862
0.207717	638.934
0.207505	638.991
0.220955	632.979
0.207738	638.929
0.207481	639.002
0.207681	638.949
0.207433	639.018
0.208167	638.809
0.207377	639.037
0.20793	638.877
0.207617	638.968
0.207586	638.984
0.20788	638.893
0.207826	638.912
0.208128	638.819
0.208086	638.834
0.207758	638.937
0.207523	639.002
0.20803	638.85
0.207338	639.047
0.207609	638.976
0.207881	638.897
0.208305	638.768
0.208358	638.751
0.208397	638.741
0.208274	638.776
0.208633	638.669
0.208153	638.813
0.208629	638.669
0.208597	638.674
0.208483	638.71
0.208865	638.594
0.208861	638.593
0.208425	638.734
0.215357	635.917
0.222907	631.732
0.222909	631.731
0.222906	631.73
0.222669	631.88
0.222676	631.881
0.216057	635.578
0.222909	631.729
0.222438	632.037
0.217121	635.06
0.222674	631.882
0.222906	631.726
0.22268	631.876
0.222902	631.721
0.222674	631.883
0.222681	631.87
0.22244	632.038
0.222912	631.71
0.222446	632.032
0.222676	631.865
0.222442	632.037
0.222446	632.027
0.222444	632.022
0.222211	632.181
0.22244	632.018
0.222682	631.855
0.222431	632.013
0.222908	631.704
0.222217	632.184
0.222212	632.175
0.216305	635.455
0.222916	631.698
0.22198	632.337
0.221978	632.333
0.22268	631.852
0.221501	632.635
0.210055	638.172
0.222208	632.171
0.22221	632.19
0.222443	632.011
0.221979	632.341
0.22221	632.192
0.221981	632.326
0.216577	635.329
0.216783	635.235
0.216728	635.261
0.221976	632.345
0.221752	632.486
0.217176	635.039
0.216927	635.167
0.217361	634.945
0.221746	632.491
0.22175	632.494
0.221747	632.482
0.221515	632.639
0.209296	638.444
0.221514	632.643
0.209104	638.511
0.221748	632.496
0.221516	632.633
0.221515	632.644
0.221282	632.787
0.222204	632.194
0.221281	632.783
0.221522	632.626
0.221985	632.343
0.221744	632.478
0.221281	632.79
0.221513	632.645
0.221743	632.497
0.221976	632.325
0.209123	638.508
0.22221	632.167
0.221747	632.476
0.221284	632.79
0.217436	634.901
0.214746	636.206
0.22196	632.329
0.216983	635.133
0.221286	632.777
0.222438	632.011
0.221062	632.928
0.221048	632.932
0.221046	632.93
0.221284	632.789
0.221513	632.627
0.221969	632.347
0.22105	632.924
0.221054	632.917
0.221283	632.774
0.221273	632.777
0.221492	632.635
0.220841	633.05
0.221063	632.913
0.222202	632.192
0.220108	633.493
0.220106	633.491
0.22011	633.494
0.220104	633.489
0.219874	633.621
0.22081	633.073
0.219871	633.622
0.220102	633.484
0.220333	633.35
0.220834	633.059
0.220108	633.486
0.220106	633.486
0.22011	633.485
0.220104	633.488
0.219874	633.614
0.219871	633.618
0.220102	633.491
0.220309	633.372
0.217444	634.902
0.217523	634.859
0.217342	634.953
0.217602	634.815
0.217706	634.768
0.217786	634.725
0.217696	634.767
0.217392	634.933
0.217628	634.812
0.217864	634.684
0.21797	634.632
0.218049	634.589
0.217891	634.676
0.219913	633.604
0.217664	634.778
0.219869	633.618
0.21725	635
0.218128	634.547
0.218232	634.496
0.218154	634.537
0.217913	634.656
0.217783	634.73
0.217513	634.867
0.220138	633.458
0.218075	634.583
0.22037	633.331
0.218312	634.453
0.218385	634.418
0.218437	634.39
0.219913	633.595
0.218494	634.36
0.218207	634.511
0.219869	633.62
0.218701	634.251
0.218541	634.336
0.218396	634.41
0.208731	638.626
0.21872	634.242
0.208696	638.652
0.216289	635.477
0.218706	634.251
0.220064	633.51
0.220149	633.455
0.219639	633.753
0.219636	633.751
0.219656	633.745
0.219654	633.737
0.219404	633.881
0.219406	633.883
0.219906	633.596
0.219838	633.653
0.219977	633.56
0.219639	633.747
0.219636	633.749
0.219656	633.736
0.219634	633.751
0.219404	633.876
0.219406	633.876
0.219868	633.62
0.219838	633.643
0.219379	633.902
0.219374	633.893
0.219566	633.809
0.21989	633.606
0.20482	639.529
0.20462	639.56
0.219705	633.709
0.22197	632.346
0.219232	633.978
0.220833	633.051
0.219379	633.892
0.219154	634.021
0.219401	633.878
0.219566	633.798
0.221523	632.64
0.221064	632.928
0.2187	634.257
0.218479	634.379
0.219465	633.844
0.219249	633.958
0.219632	633.753
0.217936	634.625
0.219173	634.001
0.219171	634.001
0.219169	634.002
0.21794	634.646
0.21823	634.499
0.219169	634.003
0.218939	634.124
0.220821	633.071
0.218936	634.127
0.219167	634.005
0.219399	633.88
0.209387	638.412
0.205164	639.476
0.209649	638.318
0.21894	634.116
0.218934	634.13
0.20989	638.235
0.219295	633.95
0.219295	633.938
0.21917	634.003
0.219402	633.881
0.217625	634.815
0.218751	634.208
0.218933	634.131
0.219023	634.071
0.2091	638.511
0.218932	634.128
0.221545	632.617
0.218697	634.261
0.20924	638.463
0.209512	638.367
0.209783	638.271
0.208869	638.586
0.220809	633.062
0.208968	638.56
0.221025	632.927
0.221031	632.937
0.221742	632.496
0.221286	632.785
0.221731	632.497
0.22152	632.637
0.220258	633.396
0.221539	632.626
0.22105	632.93
0.221296	632.776
0.220579	633.206
0.221068	632.92
0.220837	633.061
0.221075	632.912
0.220823	633.069
0.220841	633.055
0.22131	632.767
0.220623	633.188
0.220846	633.048
0.221083	632.904
0.220828	633.068
0.220615	633.195
0.220604	633.202
0.220591	633.207
0.22059	633.209
0.220372	633.338
0.221303	632.768
0.220356	633.346
0.220609	633.189
0.220308	633.369
0.221289	632.775
0.221104	632.891
0.220884	633.028
0.220638	633.173
0.220889	633.017
0.220677	633.152
0.220391	633.315
0.220393	633.321
0.220437	633.293
0.220376	633.333
0.221141	632.868
0.215757	635.733
0.220694	633.139
0.220452	633.281
0.220947	632.991
0.220133	633.473
0.220473	633.267
0.220717	633.123
0.220385	633.327
0.221181	632.844
0.220164	633.453
0.220146	633.463
0.220143	633.467
0.220184	633.442
0.219932	633.585
0.219934	633.586
0.220229	633.411
0.220214	633.42
0.220527	633.239
0.214827	636.171
0.220188	633.434
0.219991	633.547
0.219941	633.578
0.219988	633.55
0.219965	633.562
0.219931	633.589
0.2201	633.49
0.219951	633.57
0.214897	636.138
0.219706	633.706
0.219715	633.705
0.21972	633.698
0.219484	633.83
0.21948	633.831
0.21949	633.829
0.219717	633.706
0.219486	633.826
0.219274	633.948
0.21973	633.692
0.219249	633.956
0.222195	632.172
0.219711	633.71
0.219502	633.821
0.219276	633.944
0.219496	633.828
0.219278	633.947
0.219253	633.951
0.219052	634.068
0.219284	633.944
0.219038	634.072
0.21903	634.073
0.221728	632.482
0.218798	634.195
0.219059	634.059
0.219044	634.067
0.219055	634.066
0.219509	633.824
0.219285	633.94
0.218824	634.188
0.220626	633.179
0.218828	634.187
0.219063	634.061
0.219291	633.94
0.2197	633.714
0.219499	633.826
0.219908	633.599
0.219703	633.716
0.219301	633.936
0.219881	633.611
0.219475	633.837
0.219659	633.731
0.220054	633.514
0.219882	633.607
0.218817	634.189
0.219437	633.852
0.219668	633.725
0.21926	633.955
0.219189	633.985
0.219436	633.857
0.219079	634.051
0.219927	633.579
0.218819	634.188
0.216719	635.263
0.220125	633.472
0.218853	634.175
0.218602	634.304
0.219116	634.034
0.218992	634.1
0.218881	634.155
0.218604	634.305
0.216676	635.277
0.218635	634.289
0.216498	635.362
0.218666	634.269
0.204892	639.517
0.218614	634.3
0.219693	633.706
0.220388	633.32
0.218373	634.424
0.218603	634.302
0.218386	634.418
0.218402	634.408
0.218597	634.304
0.218374	634.425
0.219508	633.817
0.21843	634.392
0.218589	634.306
0.220202	633.425
0.218135	634.551
0.218824	634.183
0.218424	634.4
0.218365	634.424
0.220002	633.535
0.218607	634.298
0.219023	634.086
0.218142	634.545
0.219157	634.004
0.214862	636.151
0.21905	634.063
0.218946	634.117
0.218455	634.38
0.218173	634.53
0.218705	634.247
0.219273	633.942
0.219749	633.683
0.21493	636.118
0.219503	633.817
0.21906	634.057
0.218842	634.174
0.218396	634.409
0.21929	633.936
0.218207	634.511
0.219743	633.688
0.218858	634.168
0.21907	634.054
0.218624	634.289
0.219364	633.892
0.218177	634.519
0.220453	633.277
0.220279	633.38
0.217958	634.639
0.217894	634.674
0.217926	634.658
0.21824	634.49
0.218493	634.358
0.219846	633.62
0.218721	634.235
0.217995	634.619
0.218278	634.466
0.218028	634.598
0.217745	634.748
0.21771	634.768
0.217779	634.727
0.218526	634.332
0.21753	634.855
0.217813	634.707
0.217675	634.786
0.218064	634.573
0.217497	634.875
0.217678	634.781
0.21835	634.427
0.217567	634.834
0.217844	634.686
0.219619	633.742
0.21746	634.895
0.2176	634.818
0.217317	634.961
0.217282	634.982
0.217351	634.943
0.218137	634.534
0.217247	635.002
0.217069	635.088
0.21874	634.22
0.217102	635.07
0.217345	634.943
0.217558	634.832
0.217032	635.109
0.217213	635.02
0.22126	632.783
0.216998	635.128
0.217093	635.075
0.216819	635.213
0.216853	635.191
0.217426	634.915
0.216899	635.168
0.216964	635.145
0.221963	632.328
0.220367	633.332
0.222664	631.855
0.221731	632.482
0.221498	632.633
0.221496	632.634
0.216765	635.229
0.216892	635.171
0.215873	635.67
0.215609	635.794
0.215131	636.024
0.215388	635.899
0.218469	634.376
0.21632	635.446
0.216614	635.302
0.214801	636.186
0.216479	635.375
0.220554	633.214
0.220651	633.158
0.215005	636.084
0.219186	633.993
0.215193	635.994
0.215086	636.048
0.215001	636.097
0.21527	635.96
0.215438	635.875
0.215345	635.926
0.215164	636.014
0.215233	635.983
0.215531	635.836
0.215422	635.892
0.215605	635.802
0.215715	635.747
0.215769	635.717
0.215641	635.779
0.215681	635.768
0.215809	635.699
0.21549	635.859
0.215867	635.677
0.215941	635.643
0.216127	635.552
0.216036	635.59
0.216199	635.518
0.216302	635.463
0.216388	635.425
0.21623	635.499
0.215972	635.624
0.216175	635.52
0.216801	635.214
0.216462	635.39
0.216559	635.336
0.218931	634.122
0.21665	635.298
0.215881	635.664
0.216489	635.373
0.216141	635.54
0.216039	635.59
0.216395	635.415
0.216305	635.459
0.216661	635.285
0.216751	635.243
0.21657	635.328
0.216825	635.208
0.216835	635.193
0.216926	635.154
0.217011	635.114
0.216893	635.174
0.221266	632.783
0.221263	632.782
0.217077	635.074
0.217084	635.079
0.217103	635.062
0.217186	635.025
0.217273	634.984
0.217345	634.949
0.217159	635.043
0.217533	634.854
0.21742	634.905
0.217419	634.913
0.217604	634.818
0.217716	634.758
0.217794	634.72
0.218651	634.267
0.217866	634.686
0.217106	635.064
0.220065	633.499
0.217982	634.614
0.217752	634.728
0.218055	634.586
0.217327	634.947
0.217538	634.844
0.218005	634.609
0.217299	634.961
0.218127	634.551
0.217992	634.613
0.218244	634.487
0.218317	634.453
0.218389	634.416
0.218194	634.513
0.218506	634.355
0.218578	634.317
0.2184	634.407
0.218672	634.263
0.218767	634.215
0.218839	634.178
0.218481	634.358
0.219105	634.029
0.218963	634.108
0.21865	634.282
0.219029	634.077
0.221251	632.793
0.221031	632.928
0.221028	632.928
0.216714	635.272
0.221033	632.932
0.220798	633.072
0.219387	633.874
0.219151	634.005
0.220796	633.069
0.220793	633.07
0.220758	633.094
0.220563	633.209
0.220561	633.209
0.220565	633.214
0.220331	633.346
0.220328	633.346
0.220557	633.211
0.220325	633.346
0.220332	633.352
0.220095	633.48
0.220093	633.48
0.220098	633.478
0.218693	634.249
0.218928	634.123
0.217757	634.735
0.219863	633.611
0.21986	633.612
0.220089	633.483
0.21825	634.478
0.219858	633.613
0.219905	633.589
0.219628	633.744
0.219625	633.743
0.219625	633.748
0.219395	633.875
0.219393	633.871
0.217321	634.953
0.219622	633.744
0.21939	633.871
0.219362	633.895
0.21916	633.998
0.219158	633.998
0.219162	633.999
0.218925	634.123
0.219154	633.999
0.218922	634.123
0.21869	634.247
0.218458	634.368
0.218687	634.25
0.218455	634.372
0.218223	634.491
0.220322	633.353
0.21799	634.613
0.218219	634.497
0.217987	634.613
0.219854	633.615
0.217755	634.733
0.217522	634.85
0.220532	633.232
0.221003	632.946
0.21752	634.849
0.220154	633.459
0.218919	634.125
0.219511	633.813
0.219101	634.038
0.219184	633.995
0.219741	633.689
0.218415	634.392
0.219299	633.93
0.220002	633.543
0.220563	633.222
0.220764	633.099
0.219363	633.9
0.220272	633.387
0.22131	632.762
0.220747	633.105
0.218914	634.128
0.221256	632.794
0.219552	633.792
0.219625	633.76
0.219814	633.649
0.220075	633.502
0.220938	632.994
0.221143	632.864
0.216494	635.376
0.220326	633.358
0.221482	632.66
0.220534	633.235
0.22139	632.711
0.216649	635.3
0.238	627.448
0.225	630.868
0.2	641.075
0.223371	631.439
0.201631	640.085
0.218208	634.503
0.238	627.622
0.2	641.09
0.201631	640.12
0.223371	631.438
0.206251	639.299
0.225	631.18
0.212229	637.356
0.216305	635.468
0.21386	636.628
0.204348	639.597
)
