(title "Wall Temperature")
(labels "Position" "Wall Temperature")

((xy/key/label "reducer_fluid")
0.42	672.98
0.420616	672.98
0.42	672.98
0.42	672.98
0.420622	672.98
0.42	672.98
0.42	672.98
0.420644	672.98
0.42	672.98
0.42	672.98
0.420643	672.98
0.42	672.98
0.42	672.98
0.420581	672.98
0.42	672.98
0.42	672.98
0.420549	672.98
0.42	672.98
0.420492	672.98
0.42	672.98
0.42	672.98
0.42057	672.98
0.420569	672.98
0.42	672.98
0.42	672.98
0.420528	672.98
0.42	672.98
0.42	672.98
0.420527	672.98
0.42	672.98
0.420492	672.98
0.42	672.98
0.420554	672.98
0.42	672.98
0.42	672.98
0.420387	672.98
0.42	672.98
0.420552	672.98
0.420551	672.98
0.42	672.98
0.420504	672.98
0.42	672.98
0.42	672.98
0.420463	672.98
0.42	672.98
0.42	672.98
0.420468	672.98
0.420467	672.98
0.42	672.98
0.42	672.98
0.420408	672.98
0.42	672.98
0.42	672.98
0.420442	672.98
0.42	672.98
0.42	672.98
0.420394	672.98
0.42	672.98
0.42	672.98
0.420449	672.98
0.420448	672.98
0.42	672.98
0.420472	672.98
0.42	672.98
0.420433	672.98
0.42	672.98
0.420373	672.98
0.42	672.98
0.420387	672.98
0.42	672.98
0.420327	672.98
0.420414	672.98
0.42	672.98
0.420352	672.98
0.420374	672.98
0.420332	672.98
0.42	672.98
0.420373	672.98
0.42047	672.98
0.420399	672.98
0.42	672.98
0.42	672.98
0.4204	672.98
0.42	672.98
0.420612	672.98
0.420613	672.98
0.42	672.98
0.420408	672.98
0.420408	672.98
0.42	672.98
0.420643	672.98
0.420604	672.98
0.42	672.98
0.42037	672.98
0.42	672.98
0.42	672.98
0.420369	672.98
0.420574	672.98
0.420396	672.98
0.420396	672.98
0.420563	672.98
0.420675	672.98
0.420673	672.98
0.420507	672.98
0.569643	647.695
0.57	647.761
0.57	647.536
0.569664	647.433
0.57	647.326
0.56975	648.555
0.57	648.438
0.57	648.332
0.569727	647.236
0.57	647.295
0.569668	647.483
0.57	647.452
0.57	647.526
0.472002	672.964
0.472683	672.963
0.471064	672.965
0.523936	671.763
0.525852	671.497
0.524794	671.664
0.492612	672.903
0.491681	672.908
0.493237	672.899
0.486569	672.932
0.485779	672.934
0.486988	672.93
0.471515	672.964
0.569703	647.549
0.57	647.515
0.470344	672.966
0.47066	672.965
0.469384	672.967
0.435369	672.979
0.436827	672.979
0.436165	672.979
0.436265	672.979
0.437079	672.979
0.435548	672.979
0.469318	672.967
0.468225	672.968
0.467579	672.968
0.497153	672.87
0.496008	672.88
0.497749	672.865
0.433724	672.979
0.433054	672.979
0.434606	672.979
0.536349	668.594
0.53546	668.954
0.536689	668.44
0.537704	667.959
0.55303	655.945
0.551987	657.005
0.552498	656.577
0.439246	672.979
0.438672	672.979
0.440291	672.979
0.430319	672.98
0.431025	672.979
0.431729	672.979
0.431022	672.979
0.430321	672.98
0.43177	672.979
0.439381	672.979
0.440708	672.979
0.440267	672.979
0.442577	672.979
0.441585	672.979
0.470837	672.965
0.469688	672.966
0.469381	672.967
0.444373	672.979
0.443584	672.979
0.53862	667.406
0.538939	667.178
0.446148	672.978
0.444914	672.978
0.569725	648.339
0.57	648.044
0.441938	672.979
0.442712	672.979
0.443854	672.979
0.553638	655.432
0.471837	672.964
0.472566	672.963
0.449563	672.977
0.451474	672.977
0.450504	672.977
0.457782	672.975
0.456279	672.975
0.457105	672.975
0.456966	672.975
0.455527	672.976
0.509182	672.674
0.509819	672.656
0.511037	672.623
0.490872	672.913
0.491876	672.907
0.492572	672.903
0.554329	654.805
0.454868	672.976
0.456502	672.975
0.455576	672.976
0.425386	672.98
0.42477	672.98
0.426187	672.98
0.437166	672.979
0.437479	672.979
0.438302	672.979
0.470808	672.965
0.472159	672.963
0.425456	672.98
0.426938	672.98
0.426343	672.98
0.55136	657.609
0.554846	654.264
0.484572	672.938
0.48399	672.94
0.483045	672.943
0.473317	672.962
0.485475	672.935
0.48448	672.939
0.426457	672.98
0.427209	672.98
0.428086	672.98
0.420823	672.98
0.421464	672.98
0.420874	672.98
0.48664	672.932
0.485225	672.936
0.48578	672.935
0.428736	672.98
0.546053	662.168
0.545549	662.525
0.546689	661.649
0.544747	663.268
0.54451	663.49
0.476322	672.958
0.47552	672.959
0.477121	672.956
0.490995	672.912
0.48802	672.926
0.487347	672.929
0.45059	672.977
0.424838	672.98
0.551009	658.024
0.551853	657.337
0.422885	672.98
0.42401	672.98
0.423525	672.98
0.525649	671.516
0.523798	671.775
0.441888	672.979
0.477147	672.956
0.477801	672.955
0.476113	672.958
0.44331	672.979
0.431226	672.979
0.445152	672.978
0.434079	672.979
0.433193	672.98
0.43241	672.98
0.569794	647.456
0.451654	672.977
0.453047	672.977
0.452149	672.977
0.569726	648.096
0.448852	672.978
0.447163	672.978
0.44786	672.978
0.452252	672.977
0.453235	672.977
0.453978	672.976
0.45311	672.977
0.56847	647.587
0.56789	647.256
0.568582	647.405
0.485081	672.937
0.483612	672.941
0.484546	672.939
0.445018	672.978
0.44558	672.978
0.550519	658.335
0.423337	672.98
0.422463	672.98
0.422199	672.98
0.569405	648.065
0.568979	648.373
0.569434	648.434
0.471758	672.964
0.56435	648.843
0.565341	648.319
0.564399	648.335
0.526338	671.423
0.421568	672.98
0.566242	647.873
0.566324	648.139
0.447694	672.978
0.446724	672.978
0.524936	671.623
0.526335	671.396
0.421619	672.98
0.422434	672.98
0.441059	672.979
0.453801	672.976
0.420906	672.98
0.429755	672.98
0.432574	672.979
0.454637	672.976
0.438657	672.979
0.505813	672.756
0.506898	672.731
0.507397	672.719
0.505457	672.76
0.436221	672.979
0.441318	672.979
0.457018	672.975
0.457566	672.975
0.456231	672.975
0.42718	672.98
0.454571	672.976
0.454461	672.976
0.452974	672.977
0.502742	672.806
0.501574	672.821
0.501365	672.826
0.489794	672.918
0.489263	672.921
0.503339	672.795
0.50428	672.781
0.491709	672.909
0.498116	672.861
0.499211	672.849
0.499701	672.843
0.427178	672.98
0.495807	672.881
0.494805	672.888
0.496387	672.876
0.423955	672.98
0.424322	672.98
0.501412	672.824
0.500453	672.835
0.508424	672.694
0.473586	672.961
0.502201	672.813
0.512297	672.573
0.512629	672.559
0.503167	672.799
0.484254	672.939
0.494151	672.893
0.5697	647.661
0.57	647.818
0.484906	672.937
0.425575	672.98
0.454505	672.976
0.51056	672.636
0.435339	672.979
0.421698	672.98
0.421034	672.98
0.421279	672.98
0.478602	672.953
0.479455	672.952
0.441613	672.979
0.5375	667.986
0.482886	672.943
0.421005	672.98
0.421647	672.98
0.421261	672.98
0.449318	672.978
0.496836	672.872
0.49597	672.879
0.495435	672.883
0.498086	672.861
0.498474	672.856
0.420816	672.98
0.451669	672.977
0.458525	672.974
0.487744	672.927
0.48749	672.928
0.486246	672.933
0.48918	672.921
0.488121	672.926
0.45832	672.974
0.425634	672.98
0.483025	672.943
0.427902	672.98
0.426622	672.98
0.493182	672.9
0.47482	672.96
0.509278	672.674
0.508184	672.7
0.507505	672.717
0.513082	672.545
0.511466	672.606
0.512315	672.575
0.473977	672.961
0.474044	672.961
0.472679	672.963
0.424594	672.98
0.426133	672.98
0.421459	672.98
0.420891	672.98
0.42082	672.98
0.458936	672.974
0.425158	672.98
0.54931	659.562
0.549744	659.183
0.490384	672.915
0.42089	672.98
0.421458	672.98
0.420819	672.98
0.567867	648.067
0.567855	647.447
0.56706	648.03
0.451992	672.977
0.486134	672.934
0.448928	672.978
0.491209	672.911
0.464597	672.971
0.465756	672.97
0.464766	672.971
0.421278	672.98
0.489418	672.92
0.489055	672.922
0.488037	672.926
0.471734	672.964
0.421937	672.98
0.512132	672.579
0.423435	672.98
0.421459	672.98
0.460383	672.973
0.461871	672.973
0.461286	672.973
0.434543	672.979
0.421458	672.98
0.513864	672.511
0.427849	672.98
0.482729	672.944
0.422221	672.98
0.420809	672.98
0.428118	672.98
0.422249	672.98
0.494292	672.893
0.495557	672.883
0.446434	672.978
0.420809	672.98
0.45404	672.976
0.548907	659.829
0.44637	672.978
0.455619	672.976
0.514631	672.476
0.495897	672.881
0.512947	672.549
0.473838	672.961
0.475474	672.959
0.569762	648.026
0.57	647.962
0.57	648.163
0.474431	672.96
0.481635	672.947
0.482084	672.945
0.480761	672.949
0.492334	672.905
0.421098	672.98
0.421761	672.98
0.420966	672.98
0.48321	672.943
0.514515	672.481
0.482508	672.944
0.457775	672.975
0.484033	672.94
0.568101	648.123
0.568477	648.286
0.434589	672.979
0.485576	672.935
0.422765	672.98
0.443884	672.979
0.44543	672.978
0.444474	672.978
0.456281	672.975
0.468378	672.968
0.458693	672.974
0.459642	672.974
0.482353	672.945
0.42402	672.98
0.422977	672.98
0.423458	672.98
0.457152	672.975
0.422974	672.98
0.423978	672.98
0.423453	672.98
0.470362	672.966
0.424436	672.98
0.429529	672.98
0.438015	672.979
0.421095	672.98
0.421123	672.98
0.42964	672.98
0.473265	672.962
0.424793	672.98
0.468802	672.967
0.42464	672.98
0.427819	672.98
0.421214	672.98
0.462527	672.972
0.461172	672.973
0.461702	672.973
0.469902	672.966
0.425292	672.98
0.426128	672.98
0.478802	672.953
0.425266	672.98
0.425999	672.98
0.420705	672.98
0.421388	672.98
0.466783	672.969
0.465803	672.97
0.467324	672.969
0.421387	672.98
0.515481	672.434
0.4809	672.948
0.481552	672.947
0.480099	672.95
0.424594	672.98
0.451166	672.977
0.491102	672.912
0.491663	672.909
0.492392	672.904
0.476926	672.956
0.463879	672.971
0.463287	672.972
0.568985	647.564
0.428814	672.98
0.477502	672.955
0.47662	672.957
0.475984	672.958
0.47295	672.962
0.475783	672.958
0.477298	672.956
0.489761	672.919
0.449724	672.977
0.439609	672.979
0.485911	672.934
0.516382	672.387
0.569548	647.887
0.569149	647.895
0.569326	647.561
0.516261	672.395
0.422141	672.98
0.454795	672.976
0.424119	672.98
0.467706	672.968
0.468695	672.967
0.469066	672.967
0.567107	647.483
0.461146	672.973
0.446036	672.978
0.473573	672.962
0.442931	672.979
0.488951	672.922
0.509844	672.658
0.480108	672.95
0.491687	672.909
0.429434	672.98
0.428042	672.98
0.42903	672.98
0.453127	672.976
0.536354	668.543
0.488436	672.924
0.467104	672.969
0.45846	672.974
0.459268	672.974
0.466047	672.97
0.468421	672.968
0.458646	672.974
0.474135	672.961
0.465501	672.97
0.484432	672.939
0.477659	672.955
0.428053	672.98
0.429556	672.98
0.430731	672.98
0.434521	672.979
0.433719	672.979
0.433183	672.979
0.468348	672.968
0.432352	672.98
0.432978	672.979
0.459545	672.974
0.423126	672.98
0.45812	672.974
0.43074	672.98
0.496875	672.873
0.470013	672.966
0.429548	672.98
0.428045	672.98
0.429034	672.98
0.430722	672.98
0.466195	672.969
0.565312	648.219
0.425441	672.98
0.430732	672.98
0.495941	672.88
0.443032	672.979
0.424743	672.98
0.425887	672.98
0.442219	672.979
0.464854	672.971
0.541994	665.119
0.540778	666.023
0.541389	665.63
0.501054	672.827
0.51357	672.524
0.520799	672.074
0.52146	672.017
0.522271	671.935
0.428814	672.98
0.486054	672.933
0.475049	672.96
0.55252	656.391
0.502398	672.81
0.462647	672.972
0.526973	671.312
0.520836	672.083
0.521399	672.03
0.522182	671.961
0.433065	672.979
0.490126	672.916
0.458024	672.975
0.569141	648.332
0.472271	672.963
0.460906	672.973
0.460245	672.973
0.459422	672.974
0.506795	672.732
0.422191	672.98
0.461649	672.973
0.462388	672.972
0.422194	672.98
0.480982	672.948
0.486511	672.932
0.458924	672.974
0.460408	672.973
0.478149	672.954
0.454967	672.976
0.454305	672.976
0.453449	672.976
0.429719	672.98
0.490838	672.913
0.482076	672.945
0.474372	672.961
0.425339	672.98
0.474981	672.96
0.474488	672.96
0.448237	672.978
0.447333	672.978
0.436524	672.979
0.455791	672.976
0.464086	672.971
0.454133	672.976
0.461728	672.973
0.452818	672.977
0.458835	672.974
0.467826	672.968
0.508707	672.692
0.509859	672.657
0.456575	672.975
0.441436	672.979
0.500064	672.84
0.498877	672.853
0.45513	672.976
0.510437	672.638
0.446863	672.978
0.510629	672.634
0.444723	672.978
0.45735	672.975
0.451936	672.977
0.463402	672.972
0.461068	672.973
0.429272	672.98
0.508997	672.683
0.470994	672.965
0.450668	672.977
0.45348	672.976
0.565049	648.816
0.433762	672.979
0.459585	672.974
0.471055	672.965
0.456616	672.975
0.459175	672.974
0.481332	672.947
0.458101	672.974
0.462794	672.972
0.472474	672.963
0.435315	672.979
0.522811	671.885
0.551599	657.371
0.455954	672.975
0.460203	672.973
0.463373	672.972
0.463977	672.971
0.437081	672.979
0.465175	672.97
0.463726	672.971
0.475334	672.959
0.462551	672.972
0.480329	672.95
0.481628	672.947
0.487296	672.929
0.454296	672.976
0.471116	672.965
0.461891	672.972
0.45744	672.975
0.488974	672.923
0.47053	672.965
0.476734	672.957
0.456671	672.975
0.484796	672.938
0.553536	655.592
0.440579	672.979
0.476679	672.957
0.452981	672.977
0.495351	672.884
0.455158	672.976
0.517149	672.338
0.513871	672.507
0.483381	672.942
0.490493	672.915
0.438387	672.979
0.439038	672.979
0.498904	672.852
0.567184	647.63
0.497485	672.867
0.453807	672.976
0.426432	672.98
0.512099	672.582
0.467765	672.968
0.566622	647.513
0.453308	672.976
0.452504	672.977
0.520058	672.138
0.451821	672.977
0.423073	672.98
0.421802	672.98
0.423076	672.98
0.423377	672.98
0.450933	672.977
0.450346	672.977
0.451158	672.977
0.469571	672.966
0.427523	672.98
0.489471	672.919
0.498404	672.858
0.49922	672.851
0.569593	648.434
0.447355	672.978
0.448887	672.978
0.448111	672.978
0.452691	672.977
0.466709	672.969
0.449618	672.977
0.508272	672.7
0.437968	672.979
0.479519	672.951
0.455896	672.975
0.505963	672.749
0.505406	672.761
0.504467	672.779
0.537633	667.921
0.468786	672.967
0.563504	649.464
0.422112	672.98
0.42317	672.98
0.478552	672.953
0.426658	672.98
0.422084	672.98
0.462198	672.972
0.460938	672.973
0.487525	672.929
0.487269	672.929
0.476935	672.957
0.477967	672.955
0.478658	672.953
0.569405	647.443
0.54024	666.389
0.421673	672.98
0.422161	672.98
0.421324	672.98
0.493835	672.895
0.425199	672.98
0.422147	672.98
0.421633	672.98
0.421326	672.98
0.493478	672.898
0.482474	672.945
0.561822	650.181
0.562118	649.729
0.562807	649.771
0.520732	672.083
0.467019	672.969
0.561122	650.162
0.519407	672.19
0.432467	672.979
0.433274	672.979
0.438342	672.979
0.56795	647.692
0.428916	672.98
0.526356	671.394
0.527004	671.316
0.468607	672.967
0.426628	672.98
0.507977	672.705
0.518012	672.288
0.463021	672.972
0.475479	672.959
0.483896	672.941
0.492531	672.904
0.457607	672.975
0.484708	672.938
0.485397	672.936
0.462049	672.972
0.481856	672.946
0.524065	671.753
0.422011	672.98
0.42674	672.98
0.475897	672.958
0.47464	672.96
0.475764	672.958
0.422014	672.98
0.545441	662.679
0.514949	672.463
0.426733	672.98
0.455696	672.976
0.53971	666.683
0.551123	657.771
0.481203	672.948
0.480343	672.95
0.469276	672.967
0.432202	672.979
0.423025	672.98
0.435834	672.979
0.46336	672.972
0.568893	648.019
0.473101	672.962
0.56625	648.981
0.470639	672.965
0.478533	672.954
0.427464	672.98
0.470143	672.966
0.569101	647.286
0.534899	669.172
0.496977	672.871
0.468308	672.968
0.437109	672.979
0.435473	672.979
0.4363	672.979
0.495108	672.886
0.496375	672.876
0.434779	672.979
0.423172	672.98
0.460772	672.973
0.459849	672.974
0.423056	672.98
0.446258	672.978
0.428902	672.98
0.477989	672.955
0.550095	658.784
0.485272	672.936
0.50414	672.784
0.525259	671.585
0.427457	672.98
0.424298	672.98
0.541274	665.653
0.447815	672.978
0.481424	672.947
0.472841	672.963
0.517353	672.33
0.457041	672.975
0.535199	669.048
0.422489	672.98
0.467612	672.968
0.479704	672.951
0.468224	672.968
0.466677	672.969
0.437487	672.979
0.437834	672.979
0.4382	672.979
0.501709	672.821
0.469635	672.966
0.569286	647.602
0.488655	672.923
0.423659	672.98
0.463646	672.971
0.465367	672.97
0.539869	666.52
0.494898	672.889
0.422704	672.98
0.431108	672.98
0.479078	672.952
0.569034	648.033
0.568633	647.921
0.48683	672.931
0.483138	672.943
0.421224	672.98
0.564189	649.038
0.510968	672.622
0.520132	672.125
0.519404	672.193
0.56743	647.684
0.457997	672.975
0.433671	672.979
0.509724	672.664
0.456715	672.975
0.434172	672.979
0.546239	661.944
0.503886	672.787
0.458262	672.974
0.565758	647.819
0.434431	672.979
0.422517	672.98
0.568785	647.524
0.481182	672.948
0.47825	672.954
0.421107	672.98
0.422579	672.98
0.424095	672.98
0.501654	672.82
0.49028	672.916
0.435021	672.979
0.480748	672.949
0.518767	672.233
0.457325	672.975
0.421163	672.98
0.442219	672.979
0.511526	672.604
0.469728	672.966
0.422453	672.98
0.564893	647.934
0.520054	672.137
0.553106	656.202
0.460374	672.973
0.451942	672.977
0.42232	672.98
0.421224	672.98
0.476084	672.958
0.46176	672.973
0.421222	672.98
0.424502	672.98
0.421377	672.98
0.434973	672.979
0.421672	672.98
0.421376	672.98
0.476498	672.957
0.491344	672.91
0.464631	672.971
0.450249	672.977
0.421455	672.98
0.465476	672.97
0.466029	672.97
0.488093	672.926
0.486048	672.934
0.448095	672.978
0.480605	672.949
0.455736	672.976
0.48651	672.932
0.540167	666.385
0.480235	672.95
0.536558	668.469
0.523483	671.811
0.429004	672.98
0.427733	672.98
0.481903	672.946
0.421161	672.98
0.538695	667.312
0.500411	672.837
0.421326	672.98
0.47879	672.953
0.465997	672.97
0.466223	672.97
0.464854	672.971
0.56952	648.19
0.554312	655.04
0.480006	672.951
0.497938	672.863
0.523583	671.82
0.499121	672.851
0.497876	672.864
0.500948	672.829
0.492999	672.901
0.455645	672.976
0.479665	672.951
0.421805	672.98
0.437136	672.979
0.563281	648.952
0.423258	672.98
0.437137	672.979
0.496839	672.873
0.56252	649.696
0.515334	672.439
0.420856	672.98
0.471664	672.964
0.534024	669.512
0.432395	672.979
0.464832	672.971
0.422234	672.98
0.46626	672.969
0.563983	648.254
0.509344	672.67
0.498424	672.858
0.483629	672.941
0.538231	667.618
0.494716	672.889
0.443873	672.979
0.432937	672.979
0.521627	672.001
0.483317	672.942
0.568274	647.465
0.422122	672.98
0.443056	672.979
0.500846	672.831
0.506891	672.732
0.463234	672.972
0.46612	672.97
0.48215	672.945
0.542289	664.97
0.459722	672.974
0.42419	672.98
0.569447	648.089
0.43232	672.979
0.423978	672.98
0.543879	664.064
0.432291	672.979
0.49943	672.847
0.500278	672.837
0.459099	672.974
0.497418	672.867
0.545096	662.918
0.43674	672.979
0.464734	672.971
0.463804	672.971
0.499515	672.846
0.489585	672.919
0.494394	672.892
0.432417	672.979
0.472921	672.963
0.473251	672.962
0.47154	672.964
0.42777	672.98
0.433836	672.979
0.42415	672.98
0.48645	672.932
0.424184	672.98
0.464608	672.971
0.423773	672.98
0.565713	648.666
0.460264	672.974
0.42244	672.98
0.422409	672.98
0.431693	672.98
0.493837	672.895
0.427988	672.98
0.421784	672.98
0.504201	672.78
0.47511	672.959
0.494423	672.892
0.56952	647.284
0.469137	672.967
0.467767	672.968
0.436525	672.979
0.430217	672.98
0.433713	672.979
0.480771	672.949
0.482128	672.945
0.428364	672.98
0.459768	672.974
0.568905	647.748
0.458449	672.974
0.550383	658.505
0.462392	672.972
0.502594	672.806
0.461683	672.973
0.461042	672.973
0.434152	672.979
0.434189	672.979
0.421141	672.98
0.421726	672.98
0.534317	669.437
0.459508	672.974
0.492678	672.903
0.43458	672.979
0.424933	672.98
0.432046	672.98
0.421139	672.98
0.421724	672.98
0.469066	672.967
0.467528	672.968
0.457938	672.975
0.568662	648.214
0.518701	672.236
0.542531	664.803
0.517924	672.299
0.518646	672.243
0.439391	672.979
0.535794	668.74
0.478555	672.953
0.536978	668.373
0.460318	672.974
0.4511	672.977
0.429378	672.98
0.44431	672.979
0.568356	647.981
0.566563	648.487
0.517938	672.288
0.479407	672.952
0.421755	672.98
0.427148	672.98
0.435956	672.979
0.435704	672.979
0.426707	672.98
0.438496	672.979
0.437918	672.979
0.423052	672.98
0.546596	661.755
0.440597	672.979
0.460532	672.973
0.547189	661.251
0.51614	672.401
0.42307	672.98
0.430915	672.979
0.436399	672.979
0.555606	653.66
0.43029	672.98
0.529874	670.721
0.530502	670.538
0.5292	670.859
0.504768	672.77
0.529859	670.731
0.496505	672.876
0.495027	672.888
0.453869	672.976
0.438474	672.979
0.567354	648.019
0.517155	672.347
0.493634	672.897
0.488689	672.923
0.52005	672.133
0.432308	672.979
0.423028	672.98
0.450372	672.977
0.439931	672.979
0.56933	647.238
0.549333	659.529
0.433773	672.979
0.439467	672.979
0.421842	672.98
0.513474	672.524
0.527061	671.303
0.490547	672.915
0.492838	672.902
0.486909	672.931
0.421856	672.98
0.434342	672.979
0.563595	649.687
0.483376	672.942
0.427173	672.98
0.424122	672.98
0.55193	657.24
0.420984	672.98
0.477618	672.955
0.437868	672.979
0.421009	672.98
0.503792	672.787
0.46578	672.97
0.421007	672.98
0.465151	672.97
0.422133	672.98
0.502921	672.802
0.500561	672.835
0.447465	672.978
0.455352	672.976
0.440182	672.979
0.527227	671.279
0.455107	672.976
0.470149	672.966
0.437531	672.979
0.423819	672.98
0.422548	672.98
0.492188	672.905
0.490826	672.913
0.554407	655.005
0.479712	672.951
0.44683	672.978
0.422471	672.98
0.428311	672.98
0.430382	672.979
0.430194	672.979
0.497727	672.864
0.499059	672.85
0.435394	672.979
0.505034	672.764
0.552806	656.458
0.466896	672.969
0.563067	649.461
0.473499	672.962
0.462491	672.972
0.426063	672.98
0.544369	663.582
0.472629	672.963
0.421744	672.98
0.513408	672.526
0.421664	672.98
0.420982	672.98
0.4256	672.98
0.451224	672.977
0.506207	672.745
0.548325	660.32
0.466258	672.97
0.47518	672.959
0.429556	672.98
0.430693	672.979
0.458452	672.974
0.508081	672.706
0.534304	669.377
0.531324	670.332
0.547357	661.033
0.54785	660.759
0.425321	672.98
0.420945	672.98
0.465103	672.97
0.504772	672.773
0.484269	672.939
0.49021	672.916
0.445759	672.978
0.531237	670.353
0.435285	672.979
0.462916	672.972
0.522557	671.919
0.442183	672.979
0.478134	672.954
0.568091	647.951
0.550776	658.3
0.450973	672.977
0.438452	672.979
0.421781	672.98
0.423501	672.98
0.535571	668.949
0.527685	671.156
0.452671	672.977
0.43227	672.979
0.431737	672.979
0.452336	672.977
0.443771	672.979
0.431727	672.979
0.54368	664.171
0.562284	649.482
0.436152	672.979
0.420816	672.98
0.518694	672.239
0.53925	667.018
0.479128	672.952
0.47969	672.951
0.540861	666.064
0.53194	670.155
0.51092	672.624
0.530517	670.588
0.499879	672.842
0.46887	672.967
0.47037	672.966
0.555252	654.156
0.533512	669.713
0.488003	672.926
0.517094	672.345
0.53921	667.003
0.530496	670.588
0.483047	672.943
0.432054	672.98
0.450158	672.977
0.438731	672.979
0.439637	672.979
0.541882	665.337
0.560844	650.501
0.436939	672.979
0.464193	672.971
0.467238	672.969
0.532146	670.18
0.487811	672.927
0.448156	672.978
0.422238	672.98
0.459219	672.974
0.420741	672.98
0.562994	648.894
0.521135	672.05
0.422486	672.98
0.522842	671.894
0.45346	672.976
0.516296	672.391
0.439456	672.979
0.462519	672.972
0.489821	672.918
0.42826	672.98
0.53181	670.331
0.431684	672.98
0.494863	672.888
0.538016	667.753
0.423312	672.98
0.467329	672.969
0.421696	672.98
0.477949	672.955
0.434765	672.979
0.433621	672.979
0.448672	672.978
0.490015	672.917
0.542993	664.597
0.464409	672.971
0.422529	672.98
0.469495	672.966
0.52175	672.001
0.439348	672.979
0.549134	659.826
0.490077	672.916
0.549958	658.712
0.42419	672.98
0.48084	672.949
0.424205	672.98
0.562019	649.433
0.528532	671.032
0.445051	672.978
0.528533	671.021
0.568873	647.769
0.422443	672.98
0.422393	672.98
0.561324	649.948
0.507434	672.72
0.493653	672.896
0.533492	669.737
0.533167	669.819
0.534354	669.382
0.464601	672.971
0.503123	672.8
0.420844	672.98
0.45425	672.976
0.435429	672.979
0.420841	672.98
0.501594	672.821
0.500366	672.837
0.519474	672.179
0.506542	672.737
0.542631	664.814
0.543338	664.318
0.488648	672.923
0.465516	672.97
0.439432	672.979
0.43982	672.979
0.51472	672.468
0.541458	665.705
0.540849	666.095
0.477453	672.955
0.542804	664.746
0.438546	672.979
0.430363	672.98
0.449097	672.978
0.421723	672.98
0.482471	672.944
0.560498	650.567
0.560504	650.491
0.464255	672.971
0.568442	647.923
0.47149	672.965
0.568556	648.173
0.555511	653.992
0.426014	672.98
0.477016	672.956
0.479318	672.952
0.437993	672.979
0.556098	653.286
0.456742	672.975
0.431615	672.98
0.443469	672.979
0.464484	672.971
0.430339	672.98
0.561454	650.074
0.52267	671.915
0.533023	669.877
0.44496	672.978
0.433052	672.979
0.527694	671.177
0.561123	650.098
0.43505	672.979
0.459708	672.974
0.564973	649.007
0.543557	664.231
0.457357	672.975
0.548188	660.38
0.463755	672.971
0.421487	672.98
0.544289	663.687
0.421443	672.98
0.441978	672.979
0.433025	672.979
0.435034	672.979
0.435637	672.979
0.447277	672.978
0.500872	672.83
0.527841	671.14
0.461009	672.973
0.435634	672.979
0.474476	672.96
0.463711	672.971
0.448766	672.978
0.543693	664.24
0.502281	672.811
0.445918	672.978
0.476601	672.957
0.451081	672.977
0.470257	672.966
0.421476	672.98
0.507499	672.717
0.494237	672.892
0.446274	672.978
0.450071	672.977
0.43094	672.98
0.475631	672.959
0.548281	660.354
0.452205	672.977
0.501583	672.822
0.532895	669.962
0.53249	670.024
0.439306	672.979
0.505003	672.767
0.532701	669.933
0.448397	672.978
0.453219	672.976
0.451751	672.977
0.421043	672.98
0.460038	672.974
0.536866	668.365
0.464846	672.971
0.449644	672.977
0.431262	672.98
0.421041	672.98
0.463085	672.972
0.503381	672.796
0.544553	663.462
0.560154	650.64
0.56568	648.804
0.422319	672.98
0.473836	672.961
0.487392	672.928
0.43907	672.979
0.433243	672.979
0.493656	672.897
0.494003	672.895
0.463846	672.971
0.474378	672.961
0.51561	672.428
0.560374	650.628
0.492744	672.902
0.559822	650.811
0.423211	672.98
0.49153	672.91
0.434684	672.979
0.423207	672.98
0.531834	670.248
0.436036	672.979
0.531643	670.368
0.435586	672.979
0.433036	672.979
0.43294	672.979
0.424999	672.98
0.477045	672.956
0.440537	672.979
0.546844	661.455
0.45042	672.977
0.528099	671.107
0.528063	671.129
0.437219	672.979
0.433963	672.979
0.545744	662.392
0.476358	672.957
0.499747	672.843
0.449439	672.978
0.50388	672.787
0.559576	650.733
0.470474	672.966
0.434933	672.979
0.506439	672.736
0.471604	672.964
0.44916	672.978
0.447855	672.978
0.448628	672.978
0.436573	672.979
0.504289	672.778
0.430912	672.98
0.466607	672.969
0.47519	672.959
0.515952	672.411
0.440744	672.979
0.439465	672.979
0.559414	651.046
0.439991	672.979
0.440647	672.979
0.465837	672.97
0.438306	672.979
0.464796	672.971
0.514072	672.497
0.559841	651.052
0.467474	672.969
0.500338	672.836
0.439966	672.979
0.55387	655.411
0.437177	672.979
0.540346	666.329
0.449829	672.977
0.505745	672.752
0.440651	672.979
0.447283	672.978
0.50702	672.725
0.450344	672.977
0.439088	672.979
0.46651	672.969
0.431542	672.979
0.529197	670.903
0.529119	670.938
0.443691	672.979
0.558936	651.057
0.440539	672.979
0.43776	672.979
0.440173	672.979
0.441064	672.979
0.558451	651.454
0.55838	651.608
0.437119	672.979
0.505435	672.758
0.450684	672.977
0.555036	654.346
0.502864	672.803
0.505547	672.755
0.528968	670.922
0.548738	659.868
0.445787	672.978
0.445373	672.978
0.528993	670.952
0.463539	672.971
0.55609	653.456
0.449592	672.977
0.449179	672.978
0.557907	651.797
0.556609	653.165
0.439758	672.979
0.557246	652.399
0.440187	672.979
0.441065	672.979
0.435854	672.979
0.446941	672.978
0.435886	672.979
0.557123	652.652
0.493216	672.899
0.451907	672.977
0.451494	672.977
0.557437	652.218
0.450524	672.977
0.449507	672.977
0.439146	672.979
0.556765	652.699
0.440901	672.979
0.440578	672.979
0.547653	660.835
0.452732	672.977
0.45232	672.977
0.451657	672.977
0.543269	664.444
0.556344	653.131
0.436098	672.979
0.55918	651.218
0.445033	672.978
0.440456	672.979
0.43649	672.979
0.506178	672.741
0.440616	672.979
0.441891	672.979
0.441478	672.979
0.441577	672.979
0.442615	672.979
0.442063	672.979
0.557716	652.396
0.442556	672.979
0.442587	672.979
0.443384	672.979
0.44297	672.979
0.442306	672.979
0.442142	672.979
0.441584	672.979
0.441062	672.979
0.443797	672.979
0.444047	672.978
0.441728	672.979
0.558785	651.687
0.444211	672.978
0.444874	672.978
0.444461	672.978
0.44327	672.979
0.443219	672.979
0.51466	672.469
0.443442	672.979
0.443633	672.979
0.445537	672.978
0.445288	672.978
0.446364	672.978
0.445701	672.978
0.441315	672.979
0.44471	672.978
0.445951	672.978
0.446516	672.978
0.444625	672.978
0.445124	672.978
0.447027	672.978
0.445038	672.978
0.442806	672.979
0.446778	672.978
0.443133	672.979
0.442392	672.979
0.442719	672.979
0.4462	672.978
0.558148	651.92
0.447854	672.978
0.447441	672.978
0.447191	672.978
0.438641	672.979
0.446115	672.978
0.444296	672.978
0.446614	672.978
0.444097	672.978
0.448517	672.978
0.446528	672.978
0.443883	672.979
0.444269	672.978
0.448267	672.978
0.44769	672.978
0.44893	672.978
0.449343	672.977
0.447604	672.978
0.44868	672.978
0.448103	672.978
0.445452	672.978
0.448018	672.978
0.450006	672.977
0.449756	672.977
0.437323	672.979
0.449094	672.978
0.450419	672.977
0.450832	672.977
0.450169	672.977
0.451245	672.977
0.42	672.98
0.42	672.98
0.491856	672.907
0.472236	672.963
0.468296	672.968
0.499689	672.844
0.539598	666.787
0.531157	670.386
0.548222	660.342
0.490551	672.914
0.428625	672.98
0.507527	672.717
0.433931	672.979
0.425972	672.98
0.547134	661.324
0.427298	672.98
0.541771	665.363
0.508835	672.685
0.421118	672.98
0.518005	672.276
0.569278	648.111
0.512761	672.552
0.45908	672.974
0.504913	672.77
0.50622	672.745
0.562607	649.095
0.460399	672.973
0.440561	672.979
0.553968	655.369
0.439235	672.979
0.453799	672.976
0.521944	671.983
0.478788	672.953
0.516693	672.363
0.432605	672.98
0.528525	671.023
0.443212	672.979
0.523259	671.844
0.566231	647.641
0.569662	648.272
0.5023	672.812
0.474858	672.96
0.452477	672.977
0.48402	672.94
0.420536	672.98
0.431278	672.98
0.429952	672.98
0.557925	651.788
0.555937	653.478
0.510143	672.649
0.52589	671.491
0.519317	672.182
0.537301	668
0.564474	648.17
0.486633	672.931
0.568344	648.127
0.514071	672.5
0.457761	672.975
0.470923	672.965
0.456441	672.975
0.511452	672.603
0.500994	672.829
0.441887	672.979
0.485326	672.936
0.489245	672.921
0.552135	656.716
0.542837	664.714
0.480096	672.95
0.466982	672.969
0.473547	672.962
0.435257	672.979
0.534959	669.169
0.553047	656.011
0.540705	666.09
0.533727	669.595
0.568843	648.153
0.559878	650.555
0.481405	672.947
0.556939	652.547
0.46961	672.966
0.424719	672.98
0.421818	672.98
0.444537	672.979
0.524574	671.685
0.527207	671.265
0.43791	672.979
0.551212	657.875
0.560793	650.391
0.538456	667.538
0.532454	670.085
0.493162	672.899
0.563545	648.619
0.45512	672.976
0.569661	648.31
0.482712	672.944
0.476169	672.958
0.487939	672.926
0.567041	647.569
0.503606	672.792
0.449832	672.977
0.544979	663.117
0.498383	672.858
0.529843	670.738
0.494467	672.891
0.515382	672.438
0.565371	647.967
0.549268	659.291
0.497078	672.871
0.447185	672.978
0.451155	672.977
0.422645	672.98
0.546052	662.285
0.561698	649.563
0.567746	647.774
0.461717	672.973
0.423605	672.98
0.477479	672.956
0.558918	651.011
0.495772	672.882
0.543908	663.985
0.463034	672.972
0.464351	672.971
0.554924	654.599
0.465667	672.97
0.520631	672.08
0.445861	672.978
0.536145	668.726
0.448509	672.978
0.550264	658.58
0.506248	672.742
0.421822	672.98
0.429961	672.98
0.441899	672.979
0.485349	672.936
0.487962	672.926
0.484042	672.94
0.508863	672.682
0.445874	672.978
0.436583	672.979
0.457777	672.975
0.494492	672.89
0.421121	672.98
0.448523	672.978
0.433941	672.979
0.453814	672.976
0.493186	672.899
0.507555	672.713
0.447199	672.978
0.428634	672.98
0.498409	672.857
0.489268	672.92
0.461734	672.973
0.431288	672.98
0.443224	672.979
0.518035	672.285
0.50494	672.768
0.449847	672.977
0.510172	672.645
0.427307	672.98
0.529876	670.744
0.552615	656.601
0.44455	672.979
0.531191	670.357
0.456457	672.975
0.499715	672.843
0.502327	672.811
0.42598	672.98
0.553574	655.527
0.473567	672.962
0.452492	672.977
0.432615	672.98
0.521976	671.967
0.5605	650.072
0.516723	672.372
0.544305	663.771
0.545378	662.751
0.463052	672.972
0.465685	672.97
0.469629	672.966
0.561435	649.63
0.520662	672.082
0.503633	672.79
0.555549	653.695
0.468315	672.968
0.455136	672.976
0.424727	672.98
0.556565	652.83
0.459097	672.974
0.464368	672.971
0.45117	672.977
0.547542	660.87
0.440573	672.979
0.511481	672.602
0.568309	647.874
0.435268	672.979
0.495797	672.881
0.548622	660.032
0.472255	672.963
0.567683	647.693
0.566102	647.935
0.523291	671.832
0.474878	672.96
0.512791	672.551
0.478809	672.953
0.486656	672.931
0.525923	671.483
0.49188	672.907
0.477499	672.955
0.562367	649.307
0.52724	671.267
0.437921	672.979
0.476189	672.958
0.515412	672.437
0.563321	648.997
0.436595	672.979
0.56521	648.22
0.535051	669.011
0.514101	672.498
0.559547	650.671
0.564279	648.659
0.497103	672.87
0.546454	661.908
0.55454	654.592
0.480118	672.95
0.460416	672.973
0.519348	672.187
0.524607	671.671
0.557554	652.037
0.490574	672.914
0.538681	667.281
0.481426	672.947
0.569273	648.216
0.558552	651.357
0.536291	668.45
0.568826	648.083
0.550671	658.043
0.533776	669.513
0.542114	665.261
0.439247	672.979
0.543218	664.584
0.551652	657.335
0.539862	666.66
0.549663	659.299
0.482734	672.944
0.53749	667.958
0.42265	672.98
0.528558	671.026
0.420539	672.98
0.566944	647.854
0.532488	669.974
0.541006	665.986
0.467	672.969
0.501021	672.828
0.470942	672.965
0.423611	672.98
0.57	648.253
0.57	648.206
)
