(title "Wall Yplus")
(labels "Position" "Wall Yplus")

((xy/key/label "reducer_fluid")
0.42	0.338855
0.420616	0.338898
0.42	0.338997
0.42	0.338851
0.420622	0.338147
0.42	0.338519
0.42	0.338603
0.420644	0.338406
0.42	0.3391
0.42	0.338831
0.420643	0.33815
0.42	0.338267
0.42	0.338012
0.420581	0.338023
0.42	0.338204
0.42	0.33866
0.420549	0.338554
0.42	0.338535
0.420492	0.338525
0.42	0.338416
0.42	0.338626
0.42057	0.338601
0.420569	0.338206
0.42	0.338257
0.42	0.338659
0.420528	0.338011
0.42	0.338727
0.42	0.338378
0.420527	0.33768
0.42	0.338358
0.420492	0.338413
0.42	0.338245
0.420554	0.338239
0.42	0.338514
0.42	0.33864
0.420387	0.338054
0.42	0.338659
0.420552	0.338417
0.420551	0.338031
0.42	0.339207
0.420504	0.338891
0.42	0.339002
0.42	0.338493
0.420463	0.33831
0.42	0.33868
0.42	0.338724
0.420468	0.338201
0.420467	0.337946
0.42	0.338516
0.42	0.33877
0.420408	0.33846
0.42	0.338893
0.42	0.338863
0.420442	0.338418
0.42	0.338771
0.42	0.339203
0.420394	0.338942
0.42	0.339147
0.42	0.338554
0.420449	0.338335
0.420448	0.338114
0.42	0.338397
0.420472	0.338249
0.42	0.338347
0.420433	0.338359
0.42	0.338409
0.420373	0.338273
0.42	0.338935
0.420387	0.338401
0.42	0.338992
0.420327	0.338831
0.420414	0.33865
0.42	0.339171
0.420352	0.339075
0.420374	0.338447
0.420332	0.338478
0.42	0.338684
0.420373	0.338522
0.42047	0.338773
0.420399	0.338265
0.42	0.338489
0.42	0.338866
0.4204	0.338733
0.42	0.338062
0.420612	0.337947
0.420613	0.338132
0.42	0.338967
0.420408	0.338606
0.420408	0.338866
0.42	0.338877
0.420643	0.338878
0.420604	0.338228
0.42	0.338629
0.42037	0.338628
0.42	0.338766
0.42	0.338479
0.420369	0.338417
0.420574	0.339048
0.420396	0.33808
0.420396	0.338371
0.420563	0.33853
0.420675	0.338281
0.420673	0.338053
0.420507	0.338481
0.569643	9.38896
0.57	9.45816
0.57	9.38033
0.569664	9.40632
0.57	9.5835
0.56975	9.85163
0.57	10.081
0.57	9.71562
0.569727	9.71897
0.57	9.93726
0.569668	9.62428
0.57	9.75591
0.57	9.68482
0.472002	0.779207
0.472683	0.789694
0.471064	0.757827
0.523936	4.01063
0.525852	4.19014
0.524794	4.0361
0.492612	1.35271
0.491681	1.31949
0.493237	1.38502
0.486569	1.13115
0.485779	1.10987
0.486988	1.15576
0.471515	0.765966
0.569703	9.89798
0.57	10.0107
0.470344	0.744173
0.47066	0.747684
0.469384	0.72217
0.435369	0.367931
0.436827	0.374803
0.436165	0.372295
0.436265	0.372506
0.437079	0.374562
0.435548	0.366435
0.469318	0.725793
0.468225	0.708422
0.467579	0.700386
0.497153	1.56143
0.496008	1.50711
0.497749	1.5937
0.433724	0.359419
0.433054	0.359383
0.434606	0.365127
0.536349	6.47629
0.53546	6.2456
0.536689	6.65207
0.537704	6.95074
0.55303	9.74477
0.551987	9.48011
0.552498	9.68148
0.439246	0.388645
0.438672	0.38652
0.440291	0.396059
0.430319	0.348404
0.431025	0.350627
0.431729	0.351835
0.431022	0.351043
0.430321	0.349285
0.43177	0.352882
0.439381	0.389497
0.440708	0.398651
0.440267	0.397271
0.442577	0.412223
0.441585	0.404356
0.470837	0.754659
0.469688	0.736401
0.469381	0.725387
0.444373	0.425673
0.443584	0.416927
0.53862	6.86842
0.538939	7.01191
0.446148	0.440707
0.444914	0.428829
0.569725	9.51394
0.57	9.50424
0.441938	0.406572
0.442712	0.412279
0.443854	0.419993
0.553638	9.88845
0.471837	0.774032
0.472566	0.786263
0.449563	0.471598
0.451474	0.48885
0.450504	0.47986
0.457782	0.558879
0.456279	0.54298
0.457105	0.550431
0.456966	0.550476
0.455527	0.531729
0.509182	2.34081
0.509819	2.361
0.511037	2.44946
0.490872	1.2821
0.491876	1.32952
0.492572	1.35044
0.554329	9.94492
0.454868	0.526434
0.456502	0.546419
0.455576	0.533792
0.425386	0.341177
0.42477	0.340992
0.426187	0.342533
0.437166	0.376526
0.437479	0.37793
0.438302	0.381099
0.470808	0.748123
0.472159	0.783029
0.425456	0.339831
0.426938	0.341447
0.426343	0.340773
0.55136	9.52827
0.554846	10.1225
0.484572	1.07886
0.48399	1.05735
0.483045	1.02579
0.473317	0.801801
0.485475	1.09174
0.48448	1.07302
0.426457	0.340673
0.427209	0.342259
0.428086	0.343683
0.420823	0.338204
0.421464	0.33808
0.420874	0.338549
0.48664	1.13465
0.485225	1.09822
0.48578	1.11457
0.428736	0.345614
0.546053	8.88709
0.545549	8.89242
0.546689	9.10729
0.544747	8.69928
0.54451	8.90273
0.476322	0.862107
0.47552	0.841568
0.477121	0.878409
0.490995	1.28956
0.48802	1.17848
0.487347	1.16488
0.45059	0.47857
0.424838	0.339205
0.551009	9.37467
0.551853	9.69383
0.422885	0.337933
0.42401	0.338829
0.423525	0.337998
0.525649	4.10551
0.523798	3.92061
0.441888	0.407377
0.477147	0.881251
0.477801	0.892311
0.476113	0.855859
0.44331	0.416487
0.431226	0.349158
0.445152	0.431044
0.434079	0.361643
0.433193	0.35835
0.43241	0.355697
0.569794	9.94372
0.451654	0.494797
0.453047	0.506211
0.452149	0.498233
0.569726	9.39999
0.448852	0.464969
0.447163	0.449835
0.44786	0.454054
0.452252	0.499119
0.453235	0.508291
0.453978	0.515662
0.45311	0.503876
0.56847	9.7026
0.56789	9.78108
0.568582	9.74706
0.485081	1.08151
0.483612	1.04747
0.484546	1.07003
0.445018	0.430898
0.44558	0.43462
0.550519	9.84376
0.423337	0.338742
0.422463	0.337716
0.422199	0.338602
0.569405	9.44906
0.568979	9.69258
0.569434	9.80518
0.471758	0.777291
0.56435	10.4884
0.565341	9.83218
0.564399	9.98902
0.526338	4.36138
0.421568	0.338252
0.566242	9.91338
0.566324	9.80865
0.447694	0.451981
0.446724	0.445179
0.524936	3.99365
0.526335	4.37182
0.421619	0.338096
0.422434	0.338391
0.441059	0.400624
0.453801	0.515225
0.420906	0.338181
0.429755	0.347567
0.432574	0.354757
0.454637	0.524443
0.438657	0.385921
0.505813	2.08912
0.506898	2.13395
0.507397	2.19323
0.505457	2.05197
0.436221	0.370181
0.441318	0.403812
0.457018	0.550162
0.457566	0.557881
0.456231	0.540367
0.42718	0.341907
0.454571	0.522253
0.454461	0.520048
0.452974	0.506034
0.502742	1.86832
0.501574	1.7946
0.501365	1.80672
0.489794	1.24303
0.489263	1.23684
0.503339	1.89088
0.50428	1.9585
0.491709	1.31336
0.498116	1.59757
0.499211	1.66639
0.499701	1.68936
0.427178	0.342778
0.495807	1.48725
0.494805	1.44772
0.496387	1.52444
0.423955	0.338181
0.424322	0.339157
0.501412	1.7925
0.500453	1.7223
0.508424	2.24931
0.473586	0.806053
0.502201	1.83487
0.512297	2.5579
0.512629	2.60818
0.503167	1.90269
0.484254	1.06451
0.494151	1.41818
0.5697	9.68348
0.57	9.79777
0.484906	1.0866
0.425575	0.339939
0.454505	0.522479
0.51056	2.47524
0.435339	0.367241
0.421698	0.33726
0.421034	0.338479
0.421279	0.338769
0.478602	0.912688
0.479455	0.934026
0.441613	0.405103
0.5375	6.77092
0.482886	1.02308
0.421005	0.339052
0.421647	0.337934
0.421261	0.339533
0.449318	0.468051
0.496836	1.54793
0.49597	1.50688
0.495435	1.4886
0.498086	1.60772
0.498474	1.63437
0.420816	0.338653
0.451669	0.492892
0.458525	0.566694
0.487744	1.17653
0.48749	1.1601
0.486246	1.1193
0.48918	1.22517
0.488121	1.18498
0.45832	0.567057
0.425634	0.34044
0.483025	1.02845
0.427902	0.343767
0.426622	0.340623
0.493182	1.37234
0.47482	0.829919
0.509278	2.33412
0.508184	2.22103
0.507505	2.2058
0.513082	2.66887
0.511466	2.48556
0.512315	2.58829
0.473977	0.813893
0.474044	0.817604
0.472679	0.786713
0.424594	0.340521
0.426133	0.341263
0.421459	0.337823
0.420891	0.338584
0.42082	0.338023
0.458936	0.572952
0.425158	0.339878
0.54931	9.62605
0.549744	9.74017
0.490384	1.25814
0.42089	0.33837
0.421458	0.337669
0.420819	0.337902
0.567867	9.45093
0.567855	9.12005
0.56706	9.66455
0.451992	0.494622
0.486134	1.10739
0.448928	0.465719
0.491209	1.30455
0.464597	0.652174
0.465756	0.66824
0.464766	0.651346
0.421278	0.339032
0.489418	1.23163
0.489055	1.22269
0.488037	1.17879
0.471734	0.768711
0.421937	0.338096
0.512132	2.59372
0.423435	0.338298
0.421459	0.338285
0.460383	0.591572
0.461871	0.613957
0.461286	0.604328
0.434543	0.364148
0.421458	0.338042
0.513864	2.72769
0.427849	0.344375
0.482729	1.02157
0.422221	0.337981
0.420809	0.338759
0.428118	0.34291
0.422249	0.337603
0.494292	1.42345
0.495557	1.48887
0.446434	0.443681
0.420809	0.338181
0.45404	0.516238
0.548907	9.59347
0.44637	0.442408
0.455619	0.534269
0.514631	2.80815
0.495897	1.50191
0.512947	2.6376
0.473838	0.813227
0.475474	0.846332
0.569762	9.73477
0.57	9.69964
0.57	9.83138
0.474431	0.823323
0.481635	0.991224
0.482084	1.00057
0.480761	0.967545
0.492334	1.34706
0.421098	0.338146
0.421761	0.33712
0.420966	0.338567
0.48321	1.03294
0.514515	2.80788
0.482508	1.01608
0.457775	0.558554
0.484033	1.05929
0.568101	9.93729
0.568477	9.5158
0.434589	0.364238
0.485576	1.09828
0.422765	0.33743
0.443884	0.421292
0.44543	0.433339
0.444474	0.42538
0.456281	0.541599
0.468378	0.712512
0.458693	0.571661
0.459642	0.581629
0.482353	1.01305
0.42402	0.33968
0.422977	0.338809
0.423458	0.33958
0.457152	0.551927
0.422974	0.338299
0.423978	0.33821
0.423453	0.339326
0.470362	0.748201
0.424436	0.339103
0.429529	0.346657
0.438015	0.381962
0.421095	0.33888
0.421123	0.338524
0.42964	0.347198
0.473265	0.801119
0.424793	0.339526
0.468802	0.718697
0.42464	0.338806
0.427819	0.342977
0.421214	0.339046
0.462527	0.621441
0.461172	0.605907
0.461702	0.610158
0.469902	0.737651
0.425292	0.339435
0.426128	0.341352
0.478802	0.918451
0.425266	0.339594
0.425999	0.341545
0.420705	0.338964
0.421388	0.337982
0.466783	0.686238
0.465803	0.668542
0.467324	0.691494
0.421387	0.337816
0.515481	2.88222
0.4809	0.973748
0.481552	0.990341
0.480099	0.953169
0.424594	0.340473
0.451166	0.487035
0.491102	1.2975
0.491663	1.31946
0.492392	1.34668
0.476926	0.878783
0.463879	0.642693
0.463287	0.63197
0.568985	9.6702
0.428814	0.345391
0.477502	0.888852
0.47662	0.866821
0.475984	0.858461
0.47295	0.794164
0.475783	0.85193
0.477298	0.889306
0.489761	1.24761
0.449724	0.470228
0.439609	0.392123
0.485911	1.11637
0.516382	2.99762
0.569548	9.80952
0.569149	9.86036
0.569326	9.65582
0.516261	2.97011
0.422141	0.338763
0.454795	0.525652
0.424119	0.339031
0.467706	0.699288
0.468695	0.710487
0.469066	0.725209
0.567107	9.72418
0.461146	0.601553
0.446036	0.43671
0.473573	0.801462
0.442931	0.412807
0.488951	1.21232
0.509844	2.368
0.480108	0.949796
0.491687	1.31569
0.429434	0.348573
0.428042	0.342423
0.42903	0.347897
0.453127	0.507188
0.536354	6.7115
0.488436	1.20452
0.467104	0.687305
0.45846	0.566464
0.459268	0.577271
0.466047	0.673148
0.468421	0.704478
0.458646	0.569156
0.474135	0.811341
0.465501	0.666733
0.484432	1.06695
0.477659	0.892661
0.428053	0.344005
0.429556	0.346589
0.430731	0.348252
0.434521	0.363135
0.433719	0.360097
0.433183	0.357924
0.468348	0.709463
0.432352	0.355064
0.432978	0.357763
0.459545	0.582181
0.423126	0.337736
0.45812	0.56165
0.43074	0.347821
0.496875	1.54144
0.470013	0.734646
0.429548	0.345793
0.428045	0.343311
0.429034	0.34721
0.430722	0.347956
0.466195	0.674994
0.565312	9.8351
0.425441	0.341219
0.430732	0.347346
0.495941	1.50233
0.443032	0.414392
0.424743	0.338977
0.425887	0.339728
0.442219	0.408478
0.464854	0.65464
0.541994	7.91638
0.540778	7.70323
0.541389	7.91064
0.501054	1.76463
0.51357	2.71067
0.520799	3.54714
0.52146	3.62508
0.522271	3.79053
0.428814	0.34486
0.486054	1.11385
0.475049	0.835161
0.55252	9.72277
0.502398	1.85796
0.462647	0.622374
0.526973	4.3373
0.520836	3.55941
0.521399	3.65994
0.522182	3.78173
0.433065	0.357108
0.490126	1.25415
0.458024	0.56266
0.569141	10.1088
0.472271	0.78319
0.460906	0.600422
0.460245	0.590829
0.459422	0.580981
0.506795	2.13679
0.422191	0.337767
0.461649	0.60953
0.462388	0.617297
0.422194	0.338133
0.480982	0.972748
0.486511	1.13768
0.458924	0.571193
0.460408	0.592028
0.478149	0.903583
0.454967	0.527139
0.454305	0.519025
0.453449	0.508648
0.429719	0.347609
0.490838	1.286
0.482076	1.00569
0.474372	0.820696
0.425339	0.340028
0.474981	0.829681
0.474488	0.823394
0.448237	0.457982
0.447333	0.450491
0.436524	0.374393
0.455791	0.535563
0.464086	0.643288
0.454133	0.517735
0.461728	0.611101
0.452818	0.503216
0.458835	0.572859
0.467826	0.701543
0.508707	2.29226
0.509859	2.39692
0.456575	0.54287
0.441436	0.401934
0.500064	1.71206
0.498877	1.65218
0.45513	0.52823
0.510437	2.4437
0.446863	0.447116
0.510629	2.41165
0.444723	0.428693
0.45735	0.553758
0.451936	0.493673
0.463402	0.63259
0.461068	0.601315
0.429272	0.346385
0.508997	2.32954
0.470994	0.755284
0.450668	0.482905
0.45348	0.51042
0.565049	9.86372
0.433762	0.360584
0.459585	0.582009
0.471055	0.75903
0.456616	0.545359
0.459175	0.577337
0.481332	0.983813
0.458101	0.563288
0.462794	0.620299
0.472474	0.787292
0.435315	0.367648
0.522811	3.77703
0.551599	9.62813
0.455954	0.537941
0.460203	0.58956
0.463373	0.632814
0.463977	0.641862
0.437081	0.376519
0.465175	0.660438
0.463726	0.638405
0.475334	0.844435
0.462551	0.619485
0.480329	0.955452
0.481628	0.990412
0.487296	1.15875
0.454296	0.52017
0.471116	0.758356
0.461891	0.610704
0.45744	0.553729
0.488974	1.2094
0.47053	0.751627
0.476734	0.873435
0.456671	0.546057
0.484796	1.07999
0.553536	9.86862
0.440579	0.398471
0.476679	0.872097
0.452981	0.503746
0.495351	1.47794
0.455158	0.530094
0.517149	3.08985
0.513871	2.70041
0.483381	1.04072
0.490493	1.27315
0.438387	0.383421
0.439038	0.387676
0.498904	1.64664
0.567184	9.92016
0.497485	1.56504
0.453807	0.516786
0.426432	0.341264
0.512099	2.56179
0.467765	0.699721
0.566622	9.98106
0.453308	0.508344
0.452504	0.501149
0.520058	3.45513
0.451821	0.493929
0.423073	0.337691
0.421802	0.337601
0.423076	0.338663
0.423377	0.3376
0.450933	0.484232
0.450346	0.479916
0.451158	0.487357
0.469571	0.732039
0.427523	0.342516
0.489471	1.23079
0.498404	1.62159
0.49922	1.65977
0.569593	10.1256
0.447355	0.451075
0.448887	0.464891
0.448111	0.457296
0.452691	0.499791
0.466709	0.686413
0.449618	0.471688
0.508272	2.23881
0.437968	0.38278
0.479519	0.94091
0.455896	0.536451
0.505963	2.0844
0.505406	2.04454
0.504467	1.99993
0.537633	6.97591
0.468786	0.719931
0.563504	10.3227
0.422112	0.338257
0.42317	0.338268
0.478552	0.919643
0.426658	0.340996
0.422084	0.338866
0.462198	0.619044
0.460938	0.601142
0.487525	1.16102
0.487269	1.16693
0.476935	0.878458
0.477967	0.902912
0.478658	0.915665
0.569405	9.81812
0.54024	7.51053
0.421673	0.337761
0.422161	0.338581
0.421324	0.338443
0.493835	1.40568
0.425199	0.339899
0.422147	0.338464
0.421633	0.338211
0.421326	0.338568
0.493478	1.38212
0.482474	1.00853
0.561822	10.4156
0.562118	10.2671
0.562807	10.2845
0.520732	3.49286
0.467019	0.689602
0.561122	10.3003
0.519407	3.35569
0.432467	0.354474
0.433274	0.358866
0.438342	0.38485
0.56795	9.93301
0.428916	0.34506
0.526356	4.42824
0.527004	4.38612
0.468607	0.717527
0.426628	0.340289
0.507977	2.29536
0.518012	3.1793
0.463021	0.628297
0.475479	0.845338
0.483896	1.0533
0.492531	1.3514
0.457607	0.55925
0.484708	1.08092
0.485397	1.1014
0.462049	0.616876
0.481856	0.996174
0.524065	3.94161
0.422011	0.338408
0.42674	0.342453
0.475897	0.854084
0.47464	0.824695
0.475764	0.853426
0.422014	0.33874
0.545441	8.77326
0.514949	2.83656
0.426733	0.34221
0.455696	0.533443
0.53971	7.27255
0.551123	9.61831
0.481203	0.981421
0.480343	0.958647
0.469276	0.727086
0.432202	0.353439
0.423025	0.33846
0.435834	0.368922
0.46336	0.633656
0.568893	9.3191
0.473101	0.796616
0.56625	9.81593
0.470639	0.756432
0.478533	0.913431
0.427464	0.343708
0.470143	0.738793
0.569101	9.83363
0.534899	6.21764
0.496977	1.55204
0.468308	0.709502
0.437109	0.376298
0.435473	0.367916
0.4363	0.372812
0.495108	1.46705
0.496375	1.52361
0.434779	0.365205
0.423172	0.337477
0.460772	0.600228
0.459849	0.586504
0.423056	0.338665
0.446258	0.440976
0.428902	0.345962
0.477989	0.901375
0.550095	9.5872
0.485272	1.09366
0.50414	1.9724
0.525259	4.12049
0.427457	0.343307
0.424298	0.339539
0.541274	7.73152
0.447815	0.454267
0.481424	0.985119
0.472841	0.79195
0.517353	3.13235
0.457041	0.55055
0.535199	6.31669
0.422489	0.336706
0.467612	0.700999
0.479704	0.941524
0.468224	0.713209
0.466677	0.682291
0.437487	0.377867
0.437834	0.381524
0.4382	0.382099
0.501709	1.80801
0.469635	0.737847
0.569286	9.39771
0.488655	1.205
0.423659	0.337867
0.463646	0.635026
0.465367	0.661327
0.539869	7.17885
0.494898	1.46241
0.422704	0.338235
0.431108	0.350587
0.479078	0.928482
0.569034	10.0155
0.568633	9.88566
0.48683	1.14602
0.483138	1.03478
0.421224	0.338371
0.564189	10.3705
0.510968	2.46429
0.520132	3.48632
0.519404	3.36648
0.56743	9.97663
0.457997	0.561328
0.433671	0.35991
0.509724	2.37811
0.456715	0.546398
0.434172	0.36165
0.546239	8.93313
0.503886	1.9326
0.458262	0.565349
0.565758	10.0577
0.434431	0.363435
0.422517	0.338327
0.568785	9.31416
0.481182	0.974946
0.47825	0.912746
0.421107	0.338864
0.422579	0.338152
0.424095	0.338713
0.501654	1.80729
0.49028	1.26464
0.435021	0.365852
0.480748	0.967599
0.518767	3.29358
0.457325	0.551124
0.421163	0.338153
0.442219	0.410123
0.511526	2.516
0.469728	0.732717
0.422453	0.337095
0.564893	10.0558
0.520054	3.43127
0.553106	9.87558
0.460374	0.592991
0.451942	0.495927
0.42232	0.337628
0.421224	0.338376
0.476084	0.858906
0.46176	0.61209
0.421222	0.338018
0.424502	0.340268
0.421377	0.337123
0.434973	0.366964
0.421672	0.337821
0.421376	0.337417
0.476498	0.870385
0.491344	1.31131
0.464631	0.652966
0.450249	0.47602
0.421455	0.337761
0.465476	0.664852
0.466029	0.674361
0.488093	1.18535
0.486048	1.11348
0.448095	0.456865
0.480605	0.965785
0.455736	0.534225
0.48651	1.13778
0.540167	7.4513
0.480235	0.963774
0.536558	6.61155
0.523483	3.82924
0.429004	0.347055
0.427733	0.342874
0.481903	1.00071
0.421161	0.338507
0.538695	7.02926
0.500411	1.7333
0.421326	0.338162
0.47879	0.91956
0.465997	0.67488
0.466223	0.676136
0.464854	0.647156
0.56952	9.90961
0.554312	10.1045
0.480006	0.949502
0.497938	1.60404
0.523583	3.97702
0.499121	1.66046
0.497876	1.5913
0.500948	1.77314
0.492999	1.3516
0.455645	0.534583
0.479665	0.936818
0.421805	0.337795
0.437136	0.377701
0.563281	10.1877
0.423258	0.338654
0.437137	0.376359
0.496839	1.54392
0.56252	10.355
0.515334	2.91211
0.420856	0.338598
0.471664	0.773306
0.534024	6.16569
0.432395	0.35474
0.464832	0.655343
0.422234	0.338361
0.46626	0.678207
0.563983	9.98527
0.509344	2.33213
0.498424	1.61398
0.483629	1.04743
0.538231	6.83391
0.494716	1.45676
0.443873	0.421889
0.432937	0.356749
0.521627	3.58334
0.483317	1.03988
0.568274	9.21116
0.422122	0.337802
0.443056	0.413312
0.500846	1.74933
0.506891	2.18699
0.463234	0.631619
0.46612	0.671001
0.48215	1.00385
0.542289	8.12107
0.459722	0.583518
0.42419	0.338362
0.569447	9.80167
0.43232	0.355517
0.423978	0.337897
0.543879	8.50825
0.432291	0.353807
0.49943	1.68712
0.500278	1.72969
0.459099	0.574713
0.497418	1.57499
0.545096	8.76002
0.43674	0.374206
0.464734	0.649264
0.463804	0.642411
0.499515	1.68288
0.489585	1.2329
0.494394	1.43035
0.432417	0.355278
0.472921	0.793539
0.473251	0.796341
0.47154	0.766341
0.42777	0.34385
0.433836	0.361106
0.42415	0.336956
0.48645	1.13304
0.424184	0.336722
0.464608	0.649314
0.423773	0.339138
0.565713	9.78168
0.460264	0.590273
0.42244	0.337369
0.422409	0.337531
0.431693	0.352859
0.493837	1.40801
0.427988	0.34214
0.421784	0.337878
0.504201	1.95481
0.47511	0.842887
0.494423	1.43359
0.56952	9.87988
0.469137	0.72526
0.467767	0.700607
0.436525	0.373533
0.430217	0.349336
0.433713	0.359489
0.480771	0.968474
0.482128	1.00519
0.428364	0.344664
0.459768	0.58365
0.568905	9.62961
0.458449	0.565406
0.550383	9.75257
0.462392	0.621193
0.502594	1.86385
0.461683	0.608639
0.461042	0.600628
0.434152	0.363102
0.434189	0.361675
0.421141	0.33795
0.421726	0.338315
0.534317	6.22876
0.459508	0.582524
0.492678	1.36691
0.43458	0.363939
0.424933	0.338462
0.432046	0.353494
0.421139	0.337457
0.421724	0.337811
0.469066	0.723636
0.467528	0.702017
0.457938	0.559856
0.568662	10.047
0.518701	3.27376
0.542531	8.2187
0.517924	3.19286
0.518646	3.24021
0.439391	0.389745
0.535794	6.21043
0.478555	0.910694
0.536978	6.32426
0.460318	0.592814
0.4511	0.488228
0.429378	0.347972
0.44431	0.422896
0.568356	9.09677
0.566563	9.81698
0.517938	3.19823
0.479407	0.934733
0.421755	0.33835
0.427148	0.341052
0.435956	0.367567
0.435704	0.367073
0.426707	0.341854
0.438496	0.384834
0.437918	0.380273
0.423052	0.337813
0.546596	8.9299
0.440597	0.398999
0.460532	0.596189
0.547189	9.19026
0.51614	3.00023
0.42307	0.338875
0.430915	0.348709
0.436399	0.369927
0.555606	10.1128
0.43029	0.349004
0.529874	5.23192
0.530502	5.27315
0.5292	5.11487
0.504768	2.02086
0.529859	5.20366
0.496505	1.52761
0.495027	1.46404
0.453869	0.513698
0.438474	0.3831
0.567354	9.88686
0.517155	3.10351
0.493634	1.40551
0.488689	1.20614
0.52005	3.43497
0.432308	0.354382
0.423028	0.338066
0.450372	0.479107
0.439931	0.394301
0.56933	9.57225
0.549333	9.60328
0.433773	0.359715
0.439467	0.391927
0.421842	0.336949
0.513474	2.66709
0.527061	4.35537
0.490547	1.27844
0.492838	1.35696
0.486909	1.14394
0.421856	0.33703
0.434342	0.362819
0.563595	10.3672
0.483376	1.04432
0.427173	0.340696
0.424122	0.338973
0.55193	9.81413
0.420984	0.338832
0.477618	0.893047
0.437868	0.382086
0.421009	0.33815
0.503792	1.90526
0.46578	0.668281
0.421007	0.337816
0.465151	0.658024
0.422133	0.3381
0.502921	1.88673
0.500561	1.73227
0.447465	0.45056
0.455352	0.528199
0.440182	0.394842
0.527227	4.40677
0.455107	0.525336
0.470149	0.7472
0.437531	0.377397
0.423819	0.338613
0.422548	0.338651
0.492188	1.35326
0.490826	1.29074
0.554407	10.1116
0.479712	0.94452
0.44683	0.445164
0.422471	0.337879
0.428311	0.343483
0.430382	0.349464
0.430194	0.349299
0.497727	1.58259
0.499059	1.65611
0.435394	0.368092
0.505034	2.01663
0.552806	9.88472
0.466896	0.689487
0.563067	10.3248
0.473499	0.804215
0.462491	0.620658
0.426063	0.341529
0.544369	8.62812
0.472629	0.793137
0.421744	0.337944
0.513408	2.72191
0.421664	0.337709
0.420982	0.338629
0.4256	0.340854
0.451224	0.487284
0.506207	2.13484
0.548325	9.60474
0.466258	0.679369
0.47518	0.837421
0.429556	0.346876
0.430693	0.35082
0.458452	0.568728
0.508081	2.2684
0.534304	6.16902
0.531324	5.52186
0.547357	9.20006
0.54785	9.41105
0.425321	0.339454
0.420945	0.338266
0.465103	0.661035
0.504772	2.00709
0.484269	1.06974
0.49021	1.26601
0.445759	0.436056
0.531237	5.52281
0.435285	0.365256
0.462916	0.628976
0.522557	3.82369
0.442183	0.408261
0.478134	0.905141
0.568091	10.0174
0.550776	9.48874
0.450973	0.483578
0.438452	0.384409
0.421781	0.338103
0.423501	0.339437
0.535571	6.25905
0.527685	4.67852
0.452671	0.498967
0.43227	0.356075
0.431737	0.352812
0.452336	0.4984
0.443771	0.419656
0.431727	0.353545
0.54368	8.22963
0.562284	10.1602
0.436152	0.370109
0.420816	0.338593
0.518694	3.29209
0.53925	7.16209
0.479128	0.934929
0.47969	0.945261
0.540861	7.28244
0.53194	5.70562
0.51092	2.47818
0.530517	5.19598
0.499879	1.70859
0.46887	0.71979
0.47037	0.7422
0.555252	10.1258
0.533512	5.95866
0.488003	1.18991
0.517094	3.10884
0.53921	7.24059
0.530496	5.12126
0.483047	1.02788
0.432054	0.353253
0.450158	0.47484
0.438731	0.386251
0.439637	0.390912
0.541882	7.97048
0.560844	10.4681
0.436939	0.376167
0.464193	0.645342
0.467238	0.691987
0.532146	5.36822
0.487811	1.18701
0.448156	0.457167
0.422238	0.337984
0.459219	0.579846
0.420741	0.338369
0.562994	10.048
0.521135	3.66218
0.422486	0.337041
0.522842	3.82939
0.45346	0.510006
0.516296	3.03986
0.439456	0.391367
0.462519	0.621177
0.489821	1.25173
0.42826	0.343684
0.53181	5.25635
0.431684	0.351435
0.494863	1.44155
0.538016	6.95306
0.423312	0.337908
0.467329	0.695011
0.421696	0.338311
0.477949	0.902641
0.434765	0.365927
0.433621	0.359997
0.448672	0.460944
0.490015	1.24525
0.542993	7.97092
0.464409	0.650544
0.422529	0.337499
0.469495	0.737052
0.52175	3.64184
0.439348	0.388437
0.549134	9.33366
0.490077	1.25267
0.549958	9.48348
0.42419	0.337013
0.48084	0.973986
0.424205	0.336936
0.562019	10.1101
0.528532	4.89475
0.445051	0.431033
0.528533	4.91315
0.568873	9.22911
0.422443	0.337706
0.422393	0.337515
0.561324	10.2486
0.507434	2.21379
0.493653	1.39613
0.533492	6.02517
0.533167	5.94021
0.534354	6.25328
0.464601	0.650943
0.503123	1.91383
0.420844	0.338038
0.45425	0.521048
0.435429	0.367906
0.420841	0.33789
0.501594	1.80019
0.500366	1.72965
0.519474	3.39217
0.506542	2.13619
0.542631	8.14514
0.543338	8.37937
0.488648	1.21399
0.465516	0.662647
0.439432	0.390772
0.43982	0.393536
0.51472	2.85613
0.541458	8.06483
0.540849	7.42871
0.477453	0.89114
0.542804	7.95887
0.438546	0.385368
0.430363	0.347729
0.449097	0.465555
0.421723	0.338273
0.482471	1.01582
0.560498	10.324
0.560504	10.5729
0.464255	0.646441
0.568442	8.74194
0.47149	0.761503
0.568556	10.0592
0.555511	10.3309
0.426014	0.339611
0.477016	0.878369
0.479318	0.932578
0.437993	0.381686
0.556098	10.3291
0.456742	0.552726
0.431615	0.351941
0.443469	0.417483
0.464484	0.646742
0.430339	0.347022
0.561454	10.3834
0.52267	3.79719
0.533023	5.75662
0.44496	0.429194
0.433052	0.354719
0.527694	4.68515
0.561123	10.1941
0.43505	0.364024
0.459708	0.581797
0.564973	10.0006
0.543557	8.64386
0.457357	0.55891
0.548188	9.28837
0.463755	0.638903
0.421487	0.337815
0.544289	8.69064
0.421443	0.33792
0.441978	0.406135
0.433025	0.357708
0.435034	0.366575
0.435637	0.369051
0.447277	0.449888
0.500872	1.7595
0.527841	4.76939
0.461009	0.599399
0.435634	0.368928
0.474476	0.829629
0.463711	0.636067
0.448766	0.462971
0.543693	8.46601
0.502281	1.84712
0.445918	0.439084
0.476601	0.868477
0.451081	0.485748
0.470257	0.746775
0.421476	0.338889
0.507499	2.23659
0.494237	1.4324
0.446274	0.440969
0.450071	0.475819
0.43094	0.350721
0.475631	0.849795
0.548281	9.46449
0.452205	0.497663
0.501583	1.80969
0.532895	5.86288
0.53249	5.78317
0.439306	0.388349
0.505003	2.03455
0.532701	5.86692
0.448397	0.459465
0.453219	0.506847
0.451751	0.493045
0.421043	0.338517
0.460038	0.586615
0.536866	6.35619
0.464846	0.652691
0.449644	0.47063
0.431262	0.3496
0.421041	0.338112
0.463085	0.629482
0.503381	1.92563
0.544553	8.58161
0.560154	10.3194
0.56568	9.91016
0.422319	0.337924
0.473836	0.811278
0.487392	1.16781
0.43907	0.388038
0.433243	0.357302
0.493656	1.398
0.494003	1.41034
0.463846	0.634986
0.474378	0.82084
0.51561	2.92609
0.560374	10.1817
0.492744	1.34902
0.559822	10.515
0.423211	0.338449
0.49153	1.31854
0.434684	0.363802
0.423207	0.338603
0.531834	5.28448
0.436036	0.372309
0.531643	5.17996
0.435586	0.368309
0.433036	0.357395
0.43294	0.355838
0.424999	0.339479
0.477045	0.874458
0.440537	0.395333
0.546844	9.0314
0.45042	0.478653
0.528099	4.63481
0.528063	4.65336
0.437219	0.379594
0.433963	0.362989
0.545744	8.70819
0.476358	0.869188
0.499747	1.69505
0.449439	0.469222
0.50388	1.96723
0.559576	10.2405
0.470474	0.739828
0.434933	0.364758
0.506439	2.10599
0.471604	0.766502
0.44916	0.466504
0.447855	0.454242
0.448628	0.46084
0.436573	0.373492
0.504289	1.94634
0.430912	0.349676
0.466607	0.687848
0.47519	0.842003
0.515952	2.99288
0.440744	0.398473
0.439465	0.391287
0.559414	10.5255
0.439991	0.395005
0.440647	0.397226
0.465837	0.673698
0.438306	0.383391
0.464796	0.649803
0.514072	2.7762
0.559841	10.4981
0.467474	0.698003
0.500338	1.73842
0.439966	0.393833
0.55387	9.90675
0.437177	0.37713
0.540346	7.7622
0.449829	0.473356
0.505745	2.05359
0.440651	0.396547
0.447283	0.449325
0.50702	2.19324
0.450344	0.479308
0.439088	0.388501
0.46651	0.684062
0.431542	0.351783
0.529197	5.00352
0.529119	4.99938
0.443691	0.418866
0.558936	10.2865
0.440539	0.397749
0.43776	0.379861
0.440173	0.393701
0.441064	0.399733
0.558451	10.2499
0.55838	10.435
0.437119	0.37653
0.505435	2.04366
0.450684	0.480567
0.555036	10.0356
0.502864	1.8828
0.505547	2.08078
0.528968	4.98071
0.548738	9.36268
0.445787	0.437226
0.445373	0.433655
0.528993	4.96394
0.463539	0.633824
0.55609	10.1696
0.449592	0.471048
0.449179	0.467839
0.557907	10.3222
0.556609	10.4573
0.439758	0.392349
0.557246	10.4225
0.440187	0.395238
0.441065	0.400388
0.435854	0.368906
0.446941	0.447704
0.435886	0.369235
0.557123	10.2733
0.493216	1.39168
0.451907	0.493102
0.451494	0.489498
0.557437	10.153
0.450524	0.480476
0.449507	0.468182
0.439146	0.388785
0.556765	10.2724
0.440901	0.399078
0.440578	0.397586
0.547653	9.11631
0.452732	0.504783
0.45232	0.498393
0.451657	0.49174
0.543269	8.38243
0.556344	10.0999
0.436098	0.370598
0.55918	10.3177
0.445033	0.429742
0.440456	0.397893
0.43649	0.372804
0.506178	2.09382
0.440616	0.393972
0.441891	0.405578
0.441478	0.401734
0.441577	0.403442
0.442615	0.412978
0.442063	0.406684
0.557716	10.4957
0.442556	0.41097
0.442587	0.412654
0.443384	0.417299
0.44297	0.413949
0.442306	0.409696
0.442142	0.407776
0.441584	0.404211
0.441062	0.400962
0.443797	0.421591
0.444047	0.421898
0.441728	0.405094
0.558785	10.4942
0.444211	0.424771
0.444874	0.429882
0.444461	0.425373
0.44327	0.418286
0.443219	0.416592
0.51466	2.81853
0.443442	0.417852
0.443633	0.419221
0.445537	0.434128
0.445288	0.433754
0.446364	0.441709
0.445701	0.437043
0.441315	0.403218
0.44471	0.428011
0.445951	0.437756
0.446516	0.442604
0.444625	0.426766
0.445124	0.431111
0.447027	0.446716
0.445038	0.430589
0.442806	0.414003
0.446778	0.446093
0.443133	0.416661
0.442392	0.410226
0.442719	0.412674
0.4462	0.44016
0.558148	10.3084
0.447854	0.454791
0.447441	0.450445
0.447191	0.449712
0.438641	0.384411
0.446115	0.439302
0.444296	0.425268
0.446614	0.443517
0.444097	0.425076
0.448517	0.460067
0.446528	0.443101
0.443883	0.421443
0.444269	0.424509
0.448267	0.459277
0.44769	0.452953
0.44893	0.463964
0.449343	0.468487
0.447604	0.452388
0.44868	0.463347
0.448103	0.457062
0.445452	0.434191
0.448018	0.455929
0.450006	0.473457
0.449756	0.473259
0.437323	0.37739
0.449094	0.466175
0.450419	0.478667
0.450832	0.482851
0.450169	0.477515
0.451245	0.488541
0.42	0.33856
0.42	0.338723
0.491856	1.32153
0.472236	0.783372
0.468296	0.705404
0.499689	1.67928
0.539598	7.45121
0.531157	5.56643
0.548222	9.04329
0.490551	1.27243
0.428625	0.343677
0.507527	2.15012
0.433931	0.360635
0.425972	0.34122
0.547134	8.92302
0.427298	0.341803
0.541771	7.93108
0.508835	2.31839
0.421118	0.338496
0.518005	3.20118
0.569278	10.0484
0.512761	2.62646
0.45908	0.574894
0.504913	1.99906
0.50622	2.07915
0.562607	10.1309
0.460399	0.59378
0.440561	0.395874
0.553968	10.1271
0.439235	0.389258
0.453799	0.511612
0.521944	3.83123
0.478788	0.919051
0.516693	3.10199
0.432605	0.356378
0.528525	4.86834
0.443212	0.415795
0.523259	3.86224
0.566231	9.93412
0.569662	9.94779
0.5023	1.84289
0.474858	0.831429
0.452477	0.499671
0.48402	1.06819
0.420536	0.338515
0.431278	0.352256
0.429952	0.348022
0.557925	9.97219
0.555937	10.0769
0.510143	2.44077
0.52589	4.20461
0.519317	3.33133
0.537301	7.01221
0.564474	10.0182
0.486633	1.13823
0.568344	10.0983
0.514071	2.73104
0.457761	0.561123
0.470923	0.763181
0.456441	0.545749
0.511452	2.5266
0.500994	1.75628
0.441887	0.405779
0.485326	1.09586
0.489245	1.22873
0.552135	9.88131
0.542837	8.31751
0.480096	0.949366
0.466982	0.690067
0.473547	0.803851
0.435257	0.366726
0.534959	6.23706
0.553047	9.89782
0.540705	7.64614
0.533727	6.01509
0.568843	10.1089
0.559878	10.2602
0.481405	0.981354
0.556939	9.96094
0.46961	0.739399
0.424719	0.339674
0.421818	0.338813
0.444537	0.425653
0.524574	3.95612
0.527207	4.52125
0.43791	0.381992
0.551212	9.8211
0.560793	10.3793
0.538456	7.01107
0.532454	5.80724
0.493162	1.38189
0.563545	10.0542
0.45512	0.529362
0.569661	10.1472
0.482712	1.02841
0.476169	0.859894
0.487939	1.18302
0.567041	9.92431
0.503606	1.92925
0.449832	0.472711
0.544979	8.74766
0.498383	1.61345
0.529843	5.18141
0.494467	1.44229
0.515382	2.9398
0.565371	10.0378
0.549268	9.1743
0.497078	1.54855
0.447185	0.44821
0.451155	0.485948
0.422645	0.338841
0.546052	8.87847
0.561698	10.292
0.567746	9.99795
0.461717	0.609696
0.423605	0.339322
0.477479	0.888302
0.558918	10.0036
0.495772	1.49682
0.543908	8.57017
0.463034	0.626424
0.464351	0.649731
0.554924	10.2519
0.465667	0.673056
0.520631	3.59511
0.445861	0.437106
0.536145	6.69467
0.448509	0.460348
0.550264	9.5562
0.506248	2.09001
0.421822	0.338727
0.429961	0.348902
0.441899	0.405307
0.485349	1.11244
0.487962	1.18762
0.484042	1.06492
0.508863	2.25497
0.445874	0.439178
0.436583	0.373464
0.457777	0.557884
0.494492	1.4332
0.421121	0.338742
0.448523	0.460604
0.433941	0.36033
0.453814	0.514376
0.493186	1.38156
0.507555	2.17929
0.447199	0.447491
0.428634	0.344475
0.498409	1.61751
0.489268	1.22759
0.461734	0.609872
0.431288	0.352447
0.443224	0.418015
0.518035	3.18014
0.50494	2.00435
0.449847	0.47422
0.510172	2.40878
0.427307	0.342132
0.529876	5.09745
0.552615	10.0239
0.44455	0.429344
0.531191	5.52366
0.456457	0.54062
0.499715	1.69844
0.502327	1.85403
0.42598	0.341103
0.553574	9.89422
0.473567	0.803394
0.452492	0.49983
0.432615	0.356708
0.521976	3.64564
0.5605	10.0903
0.516723	3.11093
0.544305	8.62366
0.545378	8.66533
0.463052	0.627854
0.465685	0.668967
0.469629	0.731604
0.561435	10.0711
0.520662	3.51736
0.503633	1.92568
0.555549	9.86939
0.468315	0.714015
0.455136	0.526135
0.424727	0.33959
0.556565	9.96988
0.459097	0.574871
0.464368	0.644984
0.45117	0.486773
0.547542	8.94469
0.440573	0.397896
0.511481	2.56701
0.568309	10.1087
0.435268	0.365749
0.495797	1.48826
0.548622	9.34422
0.472255	0.787295
0.567683	10.0394
0.566102	9.91407
0.523291	3.88228
0.474878	0.832968
0.512791	2.65608
0.478809	0.919466
0.486656	1.14486
0.525923	4.24387
0.49188	1.32129
0.477499	0.893079
0.562367	10.1258
0.52724	4.48914
0.437921	0.380666
0.476189	0.864679
0.515412	2.94547
0.563321	10.1535
0.436595	0.37233
0.56521	9.96279
0.535051	6.25244
0.514101	2.74597
0.559547	10.1149
0.564279	10.0993
0.497103	1.55591
0.546454	8.78352
0.55454	9.8158
0.480118	0.952891
0.460416	0.590896
0.519348	3.3301
0.524607	4.08593
0.557554	10.0749
0.490574	1.2745
0.538681	7.19467
0.481426	0.983549
0.569273	10.187
0.558552	10.1181
0.536291	6.72233
0.568826	10.1827
0.550671	9.66087
0.533776	6.06409
0.542114	8.13174
0.439247	0.389101
0.543218	8.36067
0.551652	9.86826
0.539862	7.52269
0.549663	9.58379
0.482734	1.02579
0.53749	7.03053
0.42265	0.338665
0.528558	4.81107
0.420539	0.338802
0.566944	9.90341
0.532488	5.76793
0.541006	8.00808
0.467	0.684355
0.501021	1.78261
0.470942	0.75746
0.423611	0.339174
0.57	9.9295
0.57	10.0832
)
